arrivalTime,departureTime
0,2013-07-01 00:55:04
2013-07-01 06:01:20,0
2013-07-01 06:18:09,0
2013-07-01 06:29:17,0
2013-07-01 06:35:38,0
2013-07-01 06:38:33,0
2013-07-01 06:41:41,0
2013-07-01 06:57:46,0
2013-07-01 07:00:53,0
2013-07-01 07:02:28,0
2013-07-01 07:03:49,0
2013-07-01 07:16:05,0
2013-07-01 08:10:22,0
0,2013-07-01 08:31:53
0,2013-07-01 08:30:23
0,2013-07-01 08:38:19
0,2013-07-01 08:51:59
2013-07-01 08:40:03,0
0,2013-07-01 09:10:00
2013-07-01 08:44:14,0
2013-07-01 08:53:22,0
0,2013-07-01 09:02:28
0,2013-07-01 09:06:53
0,2013-07-01 09:22:37
2013-07-01 09:08:02,0
0,2013-07-01 09:20:23
2013-07-01 09:13:10,0
2013-07-01 09:18:42,0
2013-07-01 09:23:49,0
2013-07-01 09:25:15,0
2013-07-01 09:26:34,0
0,2013-07-01 09:37:21
0,2013-07-01 09:45:26
0,2013-07-01 09:40:50
0,2013-07-01 10:10:21
2013-07-01 09:41:56,0
0,2013-07-01 10:05:36
2013-07-01 09:44:46,0
2013-07-01 09:45:01,0
2013-07-01 10:41:53,0
2013-07-01 10:44:10,0
0,2013-07-01 11:27:28
0,2013-07-01 10:56:44
2013-07-01 10:53:32,0
2013-07-01 11:31:41,0
0,2013-07-01 11:33:56
2013-07-01 11:36:25,0
2013-07-01 11:36:43,0
0,2013-07-01 12:57:45
0,2013-07-01 13:20:22
2013-07-01 13:03:38,0
2013-07-01 13:32:25,0
0,2013-07-01 14:08:52
2013-07-01 15:06:19,0
0,2013-07-01 15:35:05
0,2013-07-01 15:40:22
2013-07-01 15:48:37,0
0,2013-07-01 16:19:09
0,2013-07-01 16:39:51
0,2013-07-01 16:56:16
0,2013-07-01 16:46:21
2013-07-01 16:41:40,0
2013-07-01 16:42:24,0
0,2013-07-01 16:55:10
0,2013-07-01 17:10:07
2013-07-01 17:05:06,0
0,2013-07-01 17:21:42
2013-07-01 17:09:23,0
0,2013-07-01 17:22:30
0,2013-07-01 17:33:17
2013-07-01 17:27:27,0
0,2013-07-01 17:35:07
2013-07-01 17:30:23,0
2013-07-01 17:37:11,0
2013-07-01 17:38:08,0
0,2013-07-01 17:54:36
2013-07-01 17:42:25,0
0,2013-07-01 17:57:26
0,2013-07-01 17:58:32
2013-07-01 17:45:03,0
0,2013-07-01 17:55:29
0,2013-07-01 17:52:14
2013-07-01 17:49:38,0
0,2013-07-01 18:08:45
2013-07-01 17:51:56,0
0,2013-07-01 18:04:42
0,2013-07-01 18:12:08
0,2013-07-01 18:04:36
0,2013-07-01 18:14:22
0,2013-07-01 18:11:05
2013-07-01 17:58:07,0
0,2013-07-01 18:12:11
2013-07-01 18:02:44,0
0,2013-07-01 18:24:35
0,2013-07-01 18:21:00
0,2013-07-01 18:25:25
0,2013-07-01 18:32:32
2013-07-01 18:08:19,0
2013-07-01 18:09:50,0
0,2013-07-01 18:25:53
0,2013-07-01 18:29:58
2013-07-01 18:11:49,0
0,2013-07-01 18:26:08
0,2013-07-01 18:33:34
0,2013-07-01 18:26:24
0,2013-07-01 18:30:30
0,2013-07-01 18:35:17
0,2013-07-01 18:27:09
0,2013-07-01 18:33:29
0,2013-07-01 18:34:59
0,2013-07-01 18:36:38
2013-07-01 18:28:03,0
2013-07-01 18:29:36,0
0,2013-07-01 18:53:14
2013-07-01 18:34:46,0
2013-07-01 18:35:52,0
0,2013-07-01 19:24:58
2013-07-01 18:41:16,0
2013-07-01 18:46:22,0
0,2013-07-01 19:13:58
2013-07-01 18:52:46,0
0,2013-07-01 19:06:52
0,2013-07-01 19:28:54
2013-07-01 19:00:07,0
2013-07-01 19:04:24,0
2013-07-01 19:06:00,0
0,2013-07-01 19:22:50
2013-07-01 19:13:24,0
2013-07-01 19:13:24,0
2013-07-01 19:21:07,0
0,2013-07-01 19:31:18
0,2013-07-01 19:33:53
0,2013-07-01 19:36:50
0,2013-07-01 19:48:14
0,2013-07-01 20:43:04
2013-07-01 19:40:34,0
0,2013-07-01 19:54:49
0,2013-07-01 19:58:23
2013-07-01 19:48:16,0
0,2013-07-01 20:17:48
2013-07-01 19:50:17,0
0,2013-07-01 20:20:31
2013-07-01 19:58:03,0
0,2013-07-01 20:06:57
2013-07-01 20:09:26,0
0,2013-07-01 20:12:17
2013-07-01 20:11:32,0
0,2013-07-01 20:32:13
2013-07-01 20:19:14,0
2013-07-01 20:21:58,0
2013-07-01 20:24:18,0
0,2013-07-01 20:45:40
2013-07-01 20:30:24,0
2013-07-01 20:34:13,0
0,2013-07-01 20:48:26
0,2013-07-01 20:55:49
0,2013-07-01 20:57:35
2013-07-01 20:53:30,0
2013-07-01 20:55:04,0
2013-07-01 20:56:00,0
2013-07-01 21:05:49,0
2013-07-01 21:15:53,0
0,2013-07-01 21:23:17
0,2013-07-01 21:29:42
2013-07-01 21:26:42,0
0,2013-07-01 21:57:57
0,2013-07-01 22:02:49
2013-07-01 22:02:32,0
2013-07-01 22:19:48,0
0,2013-07-01 22:48:08
0,2013-07-01 22:47:52
2013-07-01 22:48:19,0
0,2013-07-01 23:16:58
2013-07-01 23:14:39,0
0,2013-07-02 00:51:27
0,2013-07-02 00:55:23
0,2013-07-02 01:46:05
0,2013-07-02 02:14:52
2013-07-02 02:51:46,0
2013-07-02 05:23:35,0
2013-07-02 06:12:34,0
0,2013-07-02 06:30:33
2013-07-02 06:34:20,0
2013-07-02 06:34:53,0
2013-07-02 06:34:53,0
2013-07-02 07:04:43,0
2013-07-02 07:13:25,0
2013-07-02 07:25:23,0
2013-07-02 07:25:59,0
2013-07-02 07:27:09,0
2013-07-02 07:29:23,0
2013-07-02 07:32:32,0
2013-07-02 07:33:58,0
2013-07-02 07:34:17,0
0,2013-07-02 07:43:04
2013-07-02 07:38:23,0
0,2013-07-02 07:54:46
2013-07-02 07:50:49,0
2013-07-02 07:51:23,0
0,2013-07-02 08:03:18
0,2013-07-02 08:12:32
0,2013-07-02 08:09:38
2013-07-02 08:09:48,0
2013-07-02 08:11:57,0
0,2013-07-02 08:45:31
0,2013-07-02 08:34:58
2013-07-02 08:26:44,0
0,2013-07-02 08:40:10
2013-07-02 08:30:28,0
0,2013-07-02 08:45:37
0,2013-07-02 08:42:31
2013-07-02 08:47:19,0
2013-07-02 08:49:02,0
2013-07-02 08:50:01,0
2013-07-02 08:50:46,0
0,2013-07-02 09:02:07
0,2013-07-02 09:00:15
2013-07-02 09:00:59,0
0,2013-07-02 09:35:25
0,2013-07-02 09:30:36
0,2013-07-02 09:25:44
0,2013-07-02 09:20:10
0,2013-07-02 09:24:25
2013-07-02 09:22:08,0
2013-07-02 09:30:34,0
0,2013-07-02 09:40:45
0,2013-07-02 10:05:52
0,2013-07-02 10:01:59
2013-07-02 09:45:05,0
2013-07-02 09:46:17,0
2013-07-02 09:50:07,0
0,2013-07-02 10:07:26
0,2013-07-02 10:06:44
0,2013-07-02 10:13:49
2013-07-02 10:07:01,0
2013-07-02 10:11:27,0
2013-07-02 10:12:04,0
2013-07-02 10:12:13,0
0,2013-07-02 10:21:29
2013-07-02 10:15:17,0
0,2013-07-02 10:24:56
2013-07-02 10:25:47,0
0,2013-07-02 11:11:41
0,2013-07-02 11:15:25
2013-07-02 11:21:27,0
2013-07-02 11:22:13,0
0,2013-07-02 12:01:17
0,2013-07-02 12:02:40
0,2013-07-02 12:01:56
0,2013-07-02 12:14:18
2013-07-02 12:03:23,0
0,2013-07-02 12:08:12
0,2013-07-02 12:19:00
2013-07-02 12:10:24,0
0,2013-07-02 12:20:39
2013-07-02 12:20:02,0
2013-07-02 12:22:57,0
2013-07-02 12:23:13,0
0,2013-07-02 12:36:03
2013-07-02 12:35:27,0
2013-07-02 12:43:28,0
0,2013-07-02 13:43:31
2013-07-02 13:16:10,0
0,2013-07-02 13:48:29
2013-07-02 13:29:13,0
2013-07-02 13:51:53,0
0,2013-07-02 13:57:38
0,2013-07-02 14:11:28
2013-07-02 14:02:15,0
0,2013-07-02 14:22:18
2013-07-02 14:19:16,0
0,2013-07-02 14:46:31
0,2013-07-02 14:51:13
0,2013-07-02 14:50:14
2013-07-02 14:43:36,0
2013-07-02 14:46:28,0
0,2013-07-02 14:53:10
2013-07-02 14:58:29,0
0,2013-07-02 15:11:32
2013-07-02 15:07:53,0
0,2013-07-02 15:33:48
2013-07-02 15:20:45,0
0,2013-07-02 15:40:46
2013-07-02 15:32:55,0
2013-07-02 15:35:47,0
2013-07-02 15:45:55,0
0,2013-07-02 15:59:20
2013-07-02 15:58:19,0
2013-07-02 15:58:40,0
0,2013-07-02 16:27:24
0,2013-07-02 16:17:01
2013-07-02 16:05:22,0
0,2013-07-02 16:19:26
2013-07-02 16:15:56,0
0,2013-07-02 16:55:36
0,2013-07-02 16:39:34
0,2013-07-02 16:51:40
2013-07-02 16:43:35,0
0,2013-07-02 17:14:30
0,2013-07-02 17:14:43
2013-07-02 16:50:10,0
2013-07-02 16:54:39,0
0,2013-07-02 17:14:29
2013-07-02 16:58:07,0
0,2013-07-02 17:08:57
0,2013-07-02 17:11:29
0,2013-07-02 17:16:30
2013-07-02 17:04:45,0
0,2013-07-02 17:19:02
2013-07-02 17:10:15,0
0,2013-07-02 17:38:21
0,2013-07-02 17:28:25
0,2013-07-02 17:22:06
0,2013-07-02 17:26:11
0,2013-07-02 17:23:09
0,2013-07-02 17:38:31
0,2013-07-02 17:32:59
0,2013-07-02 17:50:06
0,2013-07-02 17:38:36
2013-07-02 17:25:44,0
0,2013-07-02 17:57:20
0,2013-07-02 17:40:44
0,2013-07-02 17:50:21
0,2013-07-02 17:44:17
0,2013-07-02 17:44:26
0,2013-07-02 17:48:29
0,2013-07-02 17:48:36
0,2013-07-02 18:00:56
0,2013-07-02 17:55:17
2013-07-02 17:38:32,0
2013-07-02 17:38:48,0
2013-07-02 17:39:11,0
0,2013-07-02 17:52:13
2013-07-02 17:40:28,0
0,2013-07-02 17:54:09
0,2013-07-02 18:15:28
0,2013-07-02 18:00:24
2013-07-02 17:46:32,0
2013-07-02 17:47:10,0
0,2013-07-02 18:00:54
0,2013-07-02 18:11:58
0,2013-07-02 18:03:48
0,2013-07-02 18:06:26
2013-07-02 17:54:00,0
2013-07-02 17:56:37,0
0,2013-07-02 18:04:49
2013-07-02 17:57:22,0
0,2013-07-02 18:13:31
2013-07-02 17:59:34,0
0,2013-07-02 18:11:03
0,2013-07-02 18:15:29
2013-07-02 18:04:29,0
0,2013-07-02 18:18:36
2013-07-02 18:09:12,0
2013-07-02 18:11:05,0
0,2013-07-02 18:30:27
2013-07-02 18:13:31,0
2013-07-02 18:14:32,0
2013-07-02 18:14:33,0
2013-07-02 18:16:32,0
0,2013-07-02 18:28:09
0,2013-07-02 18:37:25
2013-07-02 18:25:25,0
0,2013-07-02 18:49:27
2013-07-02 18:26:02,0
2013-07-02 18:26:06,0
2013-07-02 18:26:50,0
0,2013-07-02 18:44:18
0,2013-07-02 18:38:32
0,2013-07-02 19:05:01
0,2013-07-02 18:59:21
2013-07-02 18:41:15,0
0,2013-07-02 18:46:15
0,2013-07-02 19:12:35
2013-07-02 18:51:03,0
2013-07-02 18:51:23,0
0,2013-07-02 19:08:09
0,2013-07-02 19:00:03
2013-07-02 18:55:21,0
2013-07-02 18:58:02,0
0,2013-07-02 19:23:20
0,2013-07-02 19:18:42
2013-07-02 19:11:51,0
2013-07-02 19:12:23,0
2013-07-02 19:16:04,0
0,2013-07-02 19:37:54
2013-07-02 19:23:55,0
0,2013-07-02 19:45:57
0,2013-07-02 19:53:20
0,2013-07-02 19:45:12
2013-07-02 19:39:18,0
2013-07-02 19:40:05,0
0,2013-07-02 19:58:53
0,2013-07-02 20:03:39
0,2013-07-02 20:07:00
2013-07-02 20:02:27,0
0,2013-07-02 20:07:10
0,2013-07-02 20:15:16
2013-07-02 20:13:07,0
0,2013-07-02 20:37:55
2013-07-02 20:34:45,0
2013-07-02 20:57:54,0
2013-07-02 21:02:35,0
0,2013-07-02 21:12:12
2013-07-02 21:13:08,0
0,2013-07-02 21:36:19
2013-07-02 21:56:16,0
2013-07-02 22:11:07,0
2013-07-02 22:22:00,0
2013-07-02 22:30:17,0
0,2013-07-02 22:43:48
0,2013-07-02 23:24:53
2013-07-02 23:17:50,0
2013-07-02 23:24:56,0
2013-07-02 23:31:43,0
0,2013-07-02 23:46:46
2013-07-02 23:48:56,0
2013-07-02 23:55:51,0
0,2013-07-03 00:07:03
0,2013-07-03 00:17:50
0,2013-07-03 00:12:02
0,2013-07-03 00:44:17
0,2013-07-03 00:55:33
0,2013-07-03 02:22:12
0,2013-07-03 02:21:43
0,2013-07-03 02:38:23
2013-07-03 06:00:11,0
2013-07-03 06:18:22,0
2013-07-03 06:32:55,0
0,2013-07-03 07:09:16
2013-07-03 06:43:54,0
2013-07-03 06:46:12,0
2013-07-03 06:58:15,0
2013-07-03 06:58:31,0
2013-07-03 07:06:29,0
0,2013-07-03 07:24:38
2013-07-03 07:11:13,0
2013-07-03 07:12:36,0
2013-07-03 07:13:57,0
2013-07-03 07:16:28,0
2013-07-03 07:21:46,0
2013-07-03 07:23:18,0
2013-07-03 07:28:02,0
2013-07-03 07:29:35,0
2013-07-03 07:29:44,0
2013-07-03 07:31:15,0
2013-07-03 07:31:49,0
2013-07-03 07:32:47,0
2013-07-03 07:35:25,0
2013-07-03 07:38:33,0
2013-07-03 07:38:40,0
2013-07-03 07:46:50,0
2013-07-03 07:52:16,0
0,2013-07-03 08:01:50
2013-07-03 08:02:21,0
2013-07-03 08:02:43,0
2013-07-03 08:08:24,0
0,2013-07-03 08:42:44
0,2013-07-03 08:43:04
0,2013-07-03 09:19:42
0,2013-07-03 08:40:31
2013-07-03 08:36:49,0
0,2013-07-03 08:53:05
0,2013-07-03 09:05:37
2013-07-03 08:47:19,0
0,2013-07-03 08:56:04
0,2013-07-03 08:59:00
2013-07-03 08:48:12,0
2013-07-03 08:50:07,0
0,2013-07-03 09:06:27
2013-07-03 08:53:40,0
0,2013-07-03 09:14:04
2013-07-03 09:04:38,0
2013-07-03 09:07:48,0
2013-07-03 09:08:33,0
0,2013-07-03 09:21:13
2013-07-03 09:14:09,0
0,2013-07-03 09:28:51
2013-07-03 09:21:38,0
2013-07-03 09:26:43,0
0,2013-07-03 09:36:00
0,2013-07-03 09:42:26
2013-07-03 09:39:38,0
0,2013-07-03 10:38:28
0,2013-07-03 09:57:06
0,2013-07-03 10:03:47
2013-07-03 09:58:07,0
2013-07-03 10:04:37,0
0,2013-07-03 10:31:19
0,2013-07-03 10:22:18
2013-07-03 10:31:26,0
2013-07-03 10:38:10,0
2013-07-03 10:50:54,0
2013-07-03 10:51:14,0
0,2013-07-03 11:05:12
0,2013-07-03 11:12:11
2013-07-03 11:05:28,0
0,2013-07-03 11:44:20
2013-07-03 11:29:37,0
2013-07-03 11:41:38,0
0,2013-07-03 11:57:36
2013-07-03 11:59:41,0
2013-07-03 12:01:19,0
0,2013-07-03 12:24:18
0,2013-07-03 12:31:13
2013-07-03 12:36:10,0
0,2013-07-03 13:04:10
2013-07-03 13:03:48,0
0,2013-07-03 13:18:44
0,2013-07-03 13:12:00
2013-07-03 13:10:10,0
2013-07-03 13:26:53,0
2013-07-03 13:28:03,0
0,2013-07-03 13:38:11
0,2013-07-03 14:00:41
0,2013-07-03 13:56:02
0,2013-07-03 13:41:32
0,2013-07-03 13:47:27
0,2013-07-03 13:41:38
0,2013-07-03 13:42:46
2013-07-03 13:45:19,0
0,2013-07-03 13:59:45
2013-07-03 13:51:11,0
0,2013-07-03 14:05:01
0,2013-07-03 14:06:33
2013-07-03 13:54:38,0
2013-07-03 13:55:47,0
0,2013-07-03 14:02:53
2013-07-03 14:06:39,0
0,2013-07-03 14:25:40
2013-07-03 14:23:06,0
0,2013-07-03 14:34:05
0,2013-07-03 15:01:09
2013-07-03 14:56:00,0
2013-07-03 15:15:56,0
0,2013-07-03 15:24:34
2013-07-03 15:18:26,0
0,2013-07-03 15:26:46
0,2013-07-03 15:29:02
2013-07-03 15:23:53,0
0,2013-07-03 15:37:47
2013-07-03 15:25:14,0
0,2013-07-03 16:01:55
0,2013-07-03 16:02:07
0,2013-07-03 15:42:50
0,2013-07-03 15:43:43
0,2013-07-03 15:47:05
0,2013-07-03 15:56:38
2013-07-03 15:47:42,0
2013-07-03 15:48:18,0
0,2013-07-03 16:00:09
0,2013-07-03 16:09:05
0,2013-07-03 16:08:58
2013-07-03 15:53:37,0
2013-07-03 15:53:39,0
0,2013-07-03 16:05:41
0,2013-07-03 16:28:04
0,2013-07-03 16:06:57
2013-07-03 15:56:08,0
0,2013-07-03 16:09:14
0,2013-07-03 16:08:42
0,2013-07-03 16:16:16
0,2013-07-03 16:22:50
0,2013-07-03 16:34:21
0,2013-07-03 16:26:36
2013-07-03 16:23:09,0
2013-07-03 16:23:40,0
0,2013-07-03 16:28:37
2013-07-03 16:26:50,0
0,2013-07-03 16:41:07
2013-07-03 16:28:42,0
0,2013-07-03 16:40:13
2013-07-03 16:30:16,0
0,2013-07-03 16:43:54
2013-07-03 16:33:54,0
0,2013-07-03 16:47:47
2013-07-03 16:34:19,0
2013-07-03 16:35:35,0
0,2013-07-03 16:49:41
2013-07-03 16:37:11,0
0,2013-07-03 16:46:49
2013-07-03 16:40:43,0
2013-07-03 16:40:57,0
2013-07-03 16:55:39,0
0,2013-07-03 16:58:53
0,2013-07-03 17:10:01
2013-07-03 16:56:44,0
2013-07-03 16:56:46,0
0,2013-07-03 17:19:16
2013-07-03 17:01:07,0
2013-07-03 17:01:55,0
0,2013-07-03 17:18:08
0,2013-07-03 17:18:42
2013-07-03 17:05:00,0
0,2013-07-03 17:26:20
0,2013-07-03 17:21:55
0,2013-07-03 17:34:11
0,2013-07-03 17:36:43
0,2013-07-03 17:32:28
2013-07-03 17:16:21,0
2013-07-03 17:17:42,0
2013-07-03 17:18:44,0
0,2013-07-03 17:37:50
0,2013-07-03 17:50:42
2013-07-03 17:25:21,0
2013-07-03 17:26:31,0
0,2013-07-03 17:33:32
0,2013-07-03 17:37:31
0,2013-07-03 17:50:53
2013-07-03 17:33:37,0
0,2013-07-03 17:42:34
0,2013-07-03 18:04:07
2013-07-03 17:35:52,0
2013-07-03 17:40:37,0
0,2013-07-03 18:10:54
0,2013-07-03 18:11:57
0,2013-07-03 18:06:36
2013-07-03 17:56:00,0
2013-07-03 17:56:14,0
2013-07-03 17:56:54,0
0,2013-07-03 18:09:22
2013-07-03 18:01:16,0
2013-07-03 18:02:16,0
2013-07-03 18:02:28,0
2013-07-03 18:03:20,0
2013-07-03 18:05:50,0
2013-07-03 18:06:20,0
0,2013-07-03 18:19:27
0,2013-07-03 18:29:05
2013-07-03 18:14:23,0
2013-07-03 18:17:48,0
0,2013-07-03 18:47:44
0,2013-07-03 18:24:23
2013-07-03 18:18:47,0
2013-07-03 18:25:25,0
2013-07-03 18:28:14,0
0,2013-07-03 19:04:40
0,2013-07-03 19:04:30
0,2013-07-03 18:41:10
0,2013-07-03 18:47:20
0,2013-07-03 18:42:40
0,2013-07-03 18:38:45
0,2013-07-03 18:47:31
0,2013-07-03 19:02:08
0,2013-07-03 18:56:10
0,2013-07-03 18:59:47
2013-07-03 18:55:55,0
0,2013-07-03 19:07:34
2013-07-03 19:02:31,0
0,2013-07-03 19:13:30
2013-07-03 19:07:08,0
2013-07-03 19:08:32,0
2013-07-03 19:12:39,0
0,2013-07-03 19:50:40
0,2013-07-03 19:31:42
0,2013-07-03 19:44:14
2013-07-03 19:24:10,0
0,2013-07-03 19:40:19
0,2013-07-03 19:52:40
2013-07-03 19:42:38,0
0,2013-07-03 20:01:05
2013-07-03 19:50:47,0
2013-07-03 19:53:56,0
2013-07-03 19:54:27,0
0,2013-07-03 20:09:51
0,2013-07-03 20:35:03
2013-07-03 20:14:30,0
2013-07-03 20:28:12,0
0,2013-07-03 20:38:52
2013-07-03 20:39:21,0
0,2013-07-03 21:04:14
0,2013-07-03 21:04:02
2013-07-03 20:58:55,0
2013-07-03 21:00:11,0
0,2013-07-03 21:03:04
0,2013-07-03 21:21:14
2013-07-03 21:11:22,0
0,2013-07-03 21:44:10
2013-07-03 21:18:23,0
0,2013-07-03 21:24:06
2013-07-03 21:22:30,0
2013-07-03 21:37:52,0
0,2013-07-03 21:51:03
2013-07-03 21:42:55,0
2013-07-03 21:46:48,0
2013-07-03 22:00:24,0
2013-07-03 22:01:05,0
0,2013-07-03 22:09:50
2013-07-03 22:06:03,0
0,2013-07-03 22:22:32
2013-07-03 22:14:59,0
0,2013-07-03 22:16:47
2013-07-03 22:17:20,0
0,2013-07-03 22:32:16
2013-07-03 22:53:12,0
0,2013-07-03 23:16:42
2013-07-03 22:56:01,0
2013-07-03 22:58:10,0
0,2013-07-03 23:31:03
0,2013-07-03 23:37:07
2013-07-03 23:46:09,0
0,2013-07-04 00:36:29
0,2013-07-04 00:10:19
2013-07-04 00:09:53,0
2013-07-04 00:17:30,0
0,2013-07-04 00:43:46
0,2013-07-04 00:47:37
2013-07-04 00:44:57,0
0,2013-07-04 01:24:48
0,2013-07-04 01:34:58
2013-07-04 01:48:06,0
0,2013-07-04 02:11:22
2013-07-04 02:29:57,0
2013-07-04 02:36:39,0
0,2013-07-04 03:37:31
2013-07-04 06:35:39,0
2013-07-04 06:49:39,0
0,2013-07-04 07:41:04
2013-07-04 07:34:24,0
2013-07-04 07:43:41,0
2013-07-04 08:03:49,0
2013-07-04 08:23:05,0
2013-07-04 08:23:29,0
0,2013-07-04 08:41:45
2013-07-04 08:40:40,0
2013-07-04 08:52:14,0
2013-07-04 08:56:45,0
0,2013-07-04 09:05:33
0,2013-07-04 09:56:54
0,2013-07-04 10:30:47
2013-07-04 10:08:38,0
2013-07-04 10:08:42,0
2013-07-04 10:19:23,0
2013-07-04 10:21:25,0
0,2013-07-04 10:22:31
2013-07-04 10:22:55,0
0,2013-07-04 10:41:24
0,2013-07-04 10:55:47
2013-07-04 10:40:44,0
2013-07-04 10:41:30,0
2013-07-04 11:17:19,0
0,2013-07-04 11:29:40
0,2013-07-04 11:37:50
2013-07-04 11:32:56,0
0,2013-07-04 13:31:25
0,2013-07-04 12:00:29
0,2013-07-04 12:00:27
2013-07-04 11:58:12,0
2013-07-04 12:05:11,0
2013-07-04 12:10:51,0
2013-07-04 12:28:07,0
0,2013-07-04 12:41:40
2013-07-04 12:44:51,0
2013-07-04 12:50:48,0
2013-07-04 12:56:03,0
2013-07-04 12:58:59,0
2013-07-04 13:05:11,0
2013-07-04 13:06:27,0
2013-07-04 13:29:23,0
2013-07-04 13:34:29,0
2013-07-04 14:01:51,0
0,2013-07-04 14:18:17
2013-07-04 14:13:01,0
2013-07-04 14:21:34,0
0,2013-07-04 14:35:50
0,2013-07-04 14:48:00
0,2013-07-04 14:57:22
2013-07-04 14:44:49,0
2013-07-04 14:55:30,0
0,2013-07-04 15:11:48
2013-07-04 15:08:19,0
0,2013-07-04 15:24:15
0,2013-07-04 16:01:20
0,2013-07-04 16:02:02
0,2013-07-04 15:42:32
0,2013-07-04 16:01:41
0,2013-07-04 15:49:25
0,2013-07-04 16:19:15
2013-07-04 16:03:19,0
2013-07-04 16:04:48,0
2013-07-04 16:08:10,0
0,2013-07-04 16:12:53
2013-07-04 16:12:51,0
2013-07-04 16:13:14,0
0,2013-07-04 16:27:31
0,2013-07-04 16:45:54
0,2013-07-04 16:42:16
0,2013-07-04 17:09:59
0,2013-07-04 17:10:00
0,2013-07-04 17:05:46
0,2013-07-04 17:16:51
0,2013-07-04 17:41:46
2013-07-04 17:11:05,0
2013-07-04 17:13:28,0
0,2013-07-04 17:44:20
2013-07-04 17:31:07,0
0,2013-07-04 18:04:14
0,2013-07-04 18:28:59
2013-07-04 18:04:13,0
0,2013-07-04 18:12:16
2013-07-04 18:06:33,0
2013-07-04 18:13:41,0
0,2013-07-04 18:46:54
0,2013-07-04 18:41:59
2013-07-04 18:40:42,0
2013-07-04 18:43:41,0
0,2013-07-04 18:52:48
2013-07-04 18:49:14,0
2013-07-04 18:49:17,0
0,2013-07-04 19:06:43
2013-07-04 18:52:09,0
0,2013-07-04 19:13:36
2013-07-04 19:05:26,0
2013-07-04 19:05:40,0
2013-07-04 19:05:40,0
2013-07-04 19:19:29,0
0,2013-07-04 20:09:29
0,2013-07-04 20:09:30
0,2013-07-04 20:09:30
2013-07-04 19:43:44,0
0,2013-07-04 19:52:05
2013-07-04 19:45:53,0
0,2013-07-04 20:16:15
0,2013-07-04 20:16:14
0,2013-07-04 20:10:56
0,2013-07-04 21:07:25
0,2013-07-04 20:46:26
2013-07-04 20:11:49,0
0,2013-07-04 20:25:05
0,2013-07-04 20:33:48
0,2013-07-04 20:49:18
0,2013-07-04 20:59:20
0,2013-07-04 20:38:32
0,2013-07-04 20:53:31
2013-07-04 20:38:43,0
2013-07-04 20:38:49,0
0,2013-07-04 20:57:58
0,2013-07-04 20:58:22
0,2013-07-04 21:09:05
0,2013-07-04 21:09:50
2013-07-04 20:59:43,0
0,2013-07-04 21:59:56
2013-07-04 21:05:05,0
2013-07-04 21:05:57,0
2013-07-04 21:06:08,0
0,2013-07-04 21:26:03
0,2013-07-04 21:26:26
0,2013-07-04 21:26:43
0,2013-07-04 21:28:39
0,2013-07-04 22:40:20
2013-07-04 21:57:51,0
2013-07-04 22:02:03,0
2013-07-04 22:02:55,0
2013-07-04 22:02:56,0
2013-07-04 22:04:03,0
2013-07-04 22:11:29,0
0,2013-07-04 22:53:50
2013-07-04 22:17:34,0
2013-07-04 22:18:17,0
2013-07-04 22:20:07,0
2013-07-04 22:27:06,0
2013-07-04 22:27:39,0
2013-07-04 22:27:58,0
2013-07-04 22:29:04,0
2013-07-04 22:29:23,0
0,2013-07-04 22:54:36
2013-07-04 22:33:44,0
0,2013-07-04 23:00:59
0,2013-07-04 23:01:00
0,2013-07-04 23:00:55
2013-07-04 22:39:30,0
2013-07-04 22:46:09,0
2013-07-04 22:46:53,0
2013-07-04 22:59:04,0
0,2013-07-04 23:10:48
0,2013-07-04 23:26:52
0,2013-07-04 23:26:50
2013-07-04 23:13:26,0
2013-07-04 23:19:26,0
2013-07-04 23:46:27,0
2013-07-04 23:46:33,0
0,2013-07-05 00:11:36
0,2013-07-05 00:17:19
2013-07-05 00:36:12,0
2013-07-05 00:36:13,0
0,2013-07-05 01:00:59
2013-07-05 00:48:58,0
0,2013-07-05 01:33:05
0,2013-07-05 01:33:06
0,2013-07-05 03:18:20
0,2013-07-05 04:54:12
2013-07-05 05:23:25,0
2013-07-05 05:42:20,0
2013-07-05 06:34:42,0
2013-07-05 07:00:51,0
0,2013-07-05 07:35:08
2013-07-05 07:11:55,0
0,2013-07-05 07:18:16
0,2013-07-05 07:30:25
2013-07-05 07:27:00,0
0,2013-07-05 07:47:20
2013-07-05 07:33:50,0
2013-07-05 07:36:36,0
2013-07-05 07:49:31,0
2013-07-05 07:50:46,0
0,2013-07-05 08:37:27
0,2013-07-05 08:47:29
0,2013-07-05 09:02:45
2013-07-05 08:40:53,0
2013-07-05 08:52:05,0
2013-07-05 08:55:08,0
2013-07-05 09:07:11,0
0,2013-07-05 09:40:14
2013-07-05 09:41:01,0
0,2013-07-05 10:07:40
2013-07-05 10:15:23,0
2013-07-05 10:34:21,0
0,2013-07-05 10:48:54
2013-07-05 11:07:58,0
2013-07-05 11:37:18,0
2013-07-05 11:52:18,0
0,2013-07-05 12:41:17
0,2013-07-05 12:38:24
0,2013-07-05 12:55:35
0,2013-07-05 13:05:48
2013-07-05 12:52:46,0
2013-07-05 12:53:49,0
2013-07-05 12:57:41,0
0,2013-07-05 13:27:06
0,2013-07-05 13:44:19
2013-07-05 13:33:33,0
0,2013-07-05 13:39:15
0,2013-07-05 13:56:35
0,2013-07-05 13:56:52
0,2013-07-05 13:56:15
2013-07-05 13:53:18,0
2013-07-05 13:59:31,0
0,2013-07-05 14:13:06
2013-07-05 14:03:17,0
0,2013-07-05 14:31:42
0,2013-07-05 14:18:22
0,2013-07-05 14:18:23
2013-07-05 14:12:53,0
2013-07-05 14:14:25,0
2013-07-05 14:15:45,0
0,2013-07-05 14:33:40
2013-07-05 14:29:36,0
0,2013-07-05 14:45:28
0,2013-07-05 14:50:06
0,2013-07-05 15:09:59
0,2013-07-05 15:10:19
0,2013-07-05 14:51:02
2013-07-05 14:54:29,0
0,2013-07-05 15:04:32
2013-07-05 15:06:46,0
2013-07-05 15:07:54,0
2013-07-05 15:09:00,0
0,2013-07-05 15:24:30
0,2013-07-05 15:32:39
0,2013-07-05 15:33:31
0,2013-07-05 15:37:50
0,2013-07-05 15:33:26
2013-07-05 15:23:34,0
0,2013-07-05 15:44:05
2013-07-05 15:28:26,0
0,2013-07-05 15:47:18
0,2013-07-05 15:44:46
2013-07-05 15:37:35,0
2013-07-05 15:38:33,0
2013-07-05 15:41:44,0
0,2013-07-05 15:57:36
0,2013-07-05 16:08:15
0,2013-07-05 16:22:36
0,2013-07-05 16:17:55
0,2013-07-05 16:41:13
0,2013-07-05 16:19:04
2013-07-05 16:11:53,0
0,2013-07-05 16:21:02
2013-07-05 16:12:10,0
0,2013-07-05 16:21:26
0,2013-07-05 16:41:02
0,2013-07-05 16:28:11
0,2013-07-05 16:26:19
2013-07-05 16:18:58,0
2013-07-05 16:27:24,0
2013-07-05 16:37:00,0
0,2013-07-05 16:42:26
2013-07-05 16:48:38,0
0,2013-07-05 17:20:12
0,2013-07-05 17:07:11
2013-07-05 17:06:22,0
2013-07-05 17:14:04,0
0,2013-07-05 17:26:10
0,2013-07-05 17:25:14
2013-07-05 17:16:27,0
0,2013-07-05 17:43:55
2013-07-05 17:37:47,0
0,2013-07-05 17:44:03
0,2013-07-05 17:43:59
0,2013-07-05 17:48:22
2013-07-05 17:41:08,0
0,2013-07-05 18:05:43
2013-07-05 17:42:26,0
0,2013-07-05 17:55:39
0,2013-07-05 18:08:37
0,2013-07-05 18:08:16
0,2013-07-05 18:14:13
2013-07-05 18:16:18,0
0,2013-07-05 18:29:33
2013-07-05 18:19:37,0
2013-07-05 18:21:25,0
2013-07-05 18:32:09,0
2013-07-05 18:36:30,0
0,2013-07-05 18:43:57
2013-07-05 18:39:40,0
2013-07-05 18:45:36,0
2013-07-05 18:46:23,0
0,2013-07-05 18:59:53
2013-07-05 18:50:21,0
0,2013-07-05 19:14:35
0,2013-07-05 19:14:45
0,2013-07-05 19:38:50
2013-07-05 19:23:51,0
2013-07-05 19:45:51,0
0,2013-07-05 20:03:33
2013-07-05 19:59:47,0
2013-07-05 20:06:49,0
2013-07-05 20:07:25,0
0,2013-07-05 20:38:29
2013-07-05 20:46:24,0
0,2013-07-05 21:01:01
0,2013-07-05 21:03:34
0,2013-07-05 21:21:37
2013-07-05 21:20:15,0
0,2013-07-05 21:49:08
0,2013-07-05 21:50:46
0,2013-07-05 21:45:38
2013-07-05 21:44:48,0
2013-07-05 21:52:04,0
0,2013-07-05 22:21:29
0,2013-07-05 23:03:24
0,2013-07-05 23:25:53
0,2013-07-05 23:30:57
2013-07-05 23:26:03,0
0,2013-07-08 00:06:04
2013-07-08 00:12:18,0
2013-07-08 00:14:15,0
0,2013-07-08 00:29:45
2013-07-08 01:23:59,0
0,2013-07-08 03:51:18
0,2013-07-08 05:51:05
0,2013-07-08 06:27:10
0,2013-07-08 06:23:10
2013-07-08 06:27:22,0
2013-07-08 06:27:46,0
2013-07-08 06:36:23,0
2013-07-08 07:19:45,0
2013-07-08 07:20:07,0
2013-07-08 07:24:31,0
2013-07-08 07:25:41,0
2013-07-08 07:27:02,0
2013-07-08 07:30:59,0
0,2013-07-08 07:54:02
2013-07-08 07:54:07,0
0,2013-07-08 08:04:36
0,2013-07-08 08:15:13
0,2013-07-08 08:29:11
2013-07-08 08:11:06,0
0,2013-07-08 08:25:23
2013-07-08 08:18:01,0
0,2013-07-08 08:36:55
2013-07-08 08:25:52,0
2013-07-08 08:29:43,0
0,2013-07-08 08:42:23
0,2013-07-08 08:55:24
2013-07-08 08:38:56,0
2013-07-08 08:47:25,0
2013-07-08 08:48:14,0
0,2013-07-08 09:23:57
0,2013-07-08 09:22:46
2013-07-08 09:31:56,0
0,2013-07-08 09:39:54
0,2013-07-08 09:53:31
0,2013-07-08 09:56:30
0,2013-07-08 09:57:53
2013-07-08 09:52:53,0
0,2013-07-08 10:27:36
0,2013-07-08 10:29:07
2013-07-08 10:13:08,0
2013-07-08 10:31:54,0
0,2013-07-08 10:45:58
2013-07-08 10:44:25,0
2013-07-08 10:44:28,0
2013-07-08 10:52:51,0
0,2013-07-08 11:02:19
0,2013-07-08 11:16:26
0,2013-07-08 11:42:57
0,2013-07-08 11:35:39
0,2013-07-08 11:43:48
0,2013-07-08 11:51:51
2013-07-08 11:43:19,0
2013-07-08 11:43:47,0
2013-07-08 11:56:42,0
2013-07-08 12:02:00,0
0,2013-07-08 12:11:20
2013-07-08 12:20:39,0
0,2013-07-08 12:33:13
2013-07-08 12:30:08,0
0,2013-07-08 12:39:48
2013-07-08 12:45:27,0
2013-07-08 12:48:56,0
0,2013-07-08 13:08:34
0,2013-07-08 13:04:02
2013-07-08 13:04:38,0
2013-07-08 13:08:41,0
0,2013-07-08 13:27:47
0,2013-07-08 13:27:19
0,2013-07-08 13:32:40
2013-07-08 13:21:21,0
2013-07-08 13:29:06,0
2013-07-08 13:33:48,0
0,2013-07-08 13:49:28
0,2013-07-08 14:29:02
0,2013-07-08 14:28:34
0,2013-07-08 14:24:47
0,2013-07-08 14:32:12
0,2013-07-08 14:27:43
2013-07-08 14:34:41,0
2013-07-08 14:50:16,0
2013-07-08 14:53:25,0
0,2013-07-08 15:03:31
0,2013-07-08 15:07:14
2013-07-08 14:58:30,0
0,2013-07-08 15:11:10
0,2013-07-08 15:28:57
2013-07-08 15:12:38,0
0,2013-07-08 15:23:55
2013-07-08 15:27:47,0
2013-07-08 15:30:08,0
0,2013-07-08 15:51:18
0,2013-07-08 15:51:12
2013-07-08 15:33:31,0
0,2013-07-08 16:27:46
0,2013-07-08 16:02:04
0,2013-07-08 15:58:39
0,2013-07-08 15:59:55
0,2013-07-08 16:15:55
0,2013-07-08 16:06:14
2013-07-08 16:04:53,0
0,2013-07-08 16:24:36
0,2013-07-08 16:14:15
0,2013-07-08 16:38:47
2013-07-08 16:17:01,0
0,2013-07-08 16:27:16
0,2013-07-08 16:49:43
0,2013-07-08 16:45:00
2013-07-08 16:29:42,0
0,2013-07-08 16:44:45
2013-07-08 16:31:20,0
2013-07-08 16:32:09,0
0,2013-07-08 16:41:07
0,2013-07-08 16:42:51
0,2013-07-08 16:53:20
0,2013-07-08 16:50:08
2013-07-08 16:44:43,0
0,2013-07-08 17:03:39
0,2013-07-08 17:06:39
0,2013-07-08 17:06:54
2013-07-08 16:59:06,0
2013-07-08 16:59:31,0
2013-07-08 16:59:35,0
2013-07-08 17:02:24,0
2013-07-08 17:07:36,0
0,2013-07-08 17:20:23
2013-07-08 17:07:43,0
2013-07-08 17:07:50,0
0,2013-07-08 17:11:57
0,2013-07-08 18:02:10
0,2013-07-08 17:19:17
0,2013-07-08 17:26:20
2013-07-08 17:14:27,0
0,2013-07-08 17:30:47
0,2013-07-08 17:39:36
0,2013-07-08 17:37:05
2013-07-08 17:29:32,0
2013-07-08 17:32:41,0
2013-07-08 17:32:48,0
0,2013-07-08 17:45:35
0,2013-07-08 17:51:07
2013-07-08 17:35:01,0
2013-07-08 17:35:49,0
0,2013-07-08 17:36:49
0,2013-07-08 17:49:42
2013-07-08 17:37:49,0
0,2013-07-08 17:45:24
0,2013-07-08 18:10:34
0,2013-07-08 17:49:01
2013-07-08 17:43:44,0
0,2013-07-08 17:51:01
2013-07-08 17:46:21,0
2013-07-08 17:47:59,0
0,2013-07-08 18:05:35
0,2013-07-08 18:20:36
2013-07-08 18:11:44,0
0,2013-07-08 18:30:14
0,2013-07-08 18:35:55
2013-07-08 18:21:25,0
2013-07-08 18:21:31,0
0,2013-07-08 18:36:31
0,2013-07-08 19:16:21
0,2013-07-08 18:52:46
2013-07-08 18:52:37,0
2013-07-08 18:53:29,0
0,2013-07-08 19:16:54
2013-07-08 19:06:47,0
2013-07-08 19:10:52,0
2013-07-08 19:14:36,0
0,2013-07-08 19:29:29
2013-07-08 19:18:44,0
2013-07-08 19:18:44,0
2013-07-08 19:26:53,0
2013-07-08 19:30:11,0
0,2013-07-08 19:37:01
0,2013-07-08 20:20:00
0,2013-07-08 19:46:19
2013-07-08 19:45:25,0
2013-07-08 19:46:50,0
0,2013-07-08 19:53:45
2013-07-08 19:47:53,0
2013-07-08 20:01:26,0
0,2013-07-08 20:09:38
2013-07-08 20:11:38,0
0,2013-07-08 20:44:38
0,2013-07-08 20:30:37
0,2013-07-08 20:25:16
2013-07-08 20:20:45,0
0,2013-07-08 20:37:34
0,2013-07-08 20:32:01
2013-07-08 20:25:26,0
0,2013-07-08 20:36:21
0,2013-07-08 20:54:56
2013-07-08 20:27:58,0
2013-07-08 20:30:41,0
2013-07-08 20:33:23,0
0,2013-07-08 20:51:29
2013-07-08 20:38:05,0
0,2013-07-08 20:47:56
2013-07-08 20:44:08,0
0,2013-07-08 21:05:29
2013-07-08 20:55:11,0
2013-07-08 20:56:57,0
0,2013-07-08 21:01:20
0,2013-07-08 21:58:30
2013-07-08 21:04:14,0
0,2013-07-08 21:35:11
2013-07-08 21:14:53,0
2013-07-08 21:29:06,0
0,2013-07-08 21:40:27
2013-07-08 21:33:50,0
2013-07-08 21:35:35,0
2013-07-08 21:41:23,0
0,2013-07-08 22:04:06
0,2013-07-08 22:03:59
2013-07-08 21:51:41,0
0,2013-07-08 22:02:07
0,2013-07-08 22:35:19
2013-07-08 22:25:33,0
0,2013-07-08 22:38:45
2013-07-08 22:35:35,0
0,2013-07-08 22:50:17
0,2013-07-08 23:03:35
2013-07-08 22:46:48,0
2013-07-08 22:48:32,0
0,2013-07-08 23:13:37
0,2013-07-08 23:20:35
2013-07-08 23:04:17,0
0,2013-07-08 23:59:08
0,2013-07-09 00:16:03
2013-07-09 00:07:48,0
2013-07-09 00:45:41,0
0,2013-07-09 01:07:26
2013-07-09 01:13:33,0
2013-07-09 01:25:49,0
2013-07-09 02:36:37,0
0,2013-07-09 03:00:38
0,2013-07-09 05:23:33
2013-07-09 05:51:42,0
0,2013-07-09 06:05:27
2013-07-09 06:13:43,0
2013-07-09 06:16:40,0
2013-07-09 06:24:00,0
2013-07-09 06:24:28,0
2013-07-09 06:28:14,0
2013-07-09 06:29:33,0
2013-07-09 06:37:47,0
2013-07-09 06:40:27,0
2013-07-09 06:42:04,0
2013-07-09 06:43:57,0
0,2013-07-09 07:02:20
0,2013-07-09 07:26:07
2013-07-09 07:16:48,0
2013-07-09 07:20:50,0
0,2013-07-09 07:22:09
2013-07-09 07:27:57,0
2013-07-09 07:30:26,0
2013-07-09 07:30:35,0
2013-07-09 07:31:12,0
2013-07-09 07:31:26,0
0,2013-07-09 08:05:10
0,2013-07-09 08:05:05
2013-07-09 07:46:10,0
2013-07-09 07:58:22,0
2013-07-09 08:00:30,0
2013-07-09 08:11:40,0
2013-07-09 08:14:21,0
0,2013-07-09 08:51:28
0,2013-07-09 08:34:56
0,2013-07-09 09:02:36
2013-07-09 08:35:53,0
0,2013-07-09 09:03:28
0,2013-07-09 08:51:14
0,2013-07-09 09:02:55
2013-07-09 08:50:12,0
2013-07-09 08:52:59,0
2013-07-09 09:01:58,0
2013-07-09 09:10:22,0
0,2013-07-09 09:27:09
2013-07-09 09:11:04,0
0,2013-07-09 09:22:49
0,2013-07-09 09:29:29
0,2013-07-09 09:26:01
2013-07-09 09:21:59,0
2013-07-09 09:24:55,0
2013-07-09 09:26:40,0
2013-07-09 09:31:07,0
2013-07-09 09:31:51,0
0,2013-07-09 09:49:01
2013-07-09 09:32:42,0
0,2013-07-09 09:54:19
0,2013-07-09 09:51:44
2013-07-09 09:41:23,0
0,2013-07-09 09:59:35
2013-07-09 09:55:50,0
2013-07-09 10:03:52,0
0,2013-07-09 10:10:58
2013-07-09 10:06:56,0
0,2013-07-09 10:33:33
2013-07-09 10:43:14,0
2013-07-09 10:48:00,0
0,2013-07-09 10:57:04
2013-07-09 11:00:13,0
0,2013-07-09 11:22:42
2013-07-09 11:34:41,0
2013-07-09 11:49:11,0
0,2013-07-09 12:04:15
0,2013-07-09 12:05:40
0,2013-07-09 12:14:14
2013-07-09 12:11:05,0
0,2013-07-09 12:21:05
0,2013-07-09 12:52:35
0,2013-07-09 12:47:36
2013-07-09 12:48:04,0
2013-07-09 12:54:46,0
0,2013-07-09 13:13:04
2013-07-09 13:02:20,0
0,2013-07-09 13:16:08
0,2013-07-09 13:25:22
0,2013-07-09 13:24:55
2013-07-09 13:18:42,0
0,2013-07-09 13:25:47
2013-07-09 13:38:45,0
2013-07-09 13:39:54,0
0,2013-07-09 14:04:15
0,2013-07-09 14:00:26
0,2013-07-09 14:09:09
0,2013-07-09 14:06:15
2013-07-09 14:04:11,0
0,2013-07-09 14:15:50
0,2013-07-09 14:38:12
2013-07-09 14:17:49,0
2013-07-09 14:19:37,0
2013-07-09 14:23:04,0
0,2013-07-09 14:33:45
0,2013-07-09 14:36:32
0,2013-07-09 17:31:54
0,2013-07-09 15:00:38
0,2013-07-09 14:59:00
0,2013-07-09 15:17:12
2013-07-09 15:06:20,0
0,2013-07-09 15:18:18
0,2013-07-09 15:17:16
2013-07-09 15:24:12,0
0,2013-07-09 15:32:12
0,2013-07-09 15:43:59
0,2013-07-09 15:57:04
0,2013-07-09 16:24:34
2013-07-09 16:13:15,0
0,2013-07-09 16:28:48
2013-07-09 16:20:40,0
0,2013-07-09 16:39:02
0,2013-07-09 16:59:07
0,2013-07-09 16:50:11
0,2013-07-09 17:11:45
2013-07-09 16:46:40,0
2013-07-09 16:46:46,0
0,2013-07-09 17:44:48
0,2013-07-09 17:01:58
0,2013-07-09 17:05:36
0,2013-07-09 17:10:27
2013-07-09 17:02:33,0
2013-07-09 17:02:46,0
0,2013-07-09 17:18:30
0,2013-07-09 17:16:53
0,2013-07-09 17:37:35
0,2013-07-09 17:30:20
0,2013-07-09 17:44:58
2013-07-09 17:17:25,0
2013-07-09 17:18:25,0
2013-07-09 17:18:39,0
0,2013-07-09 18:19:16
0,2013-07-09 17:36:42
0,2013-07-09 17:49:16
0,2013-07-09 17:31:29
2013-07-09 17:25:07,0
0,2013-07-09 17:42:00
0,2013-07-09 17:38:58
0,2013-07-09 17:55:19
0,2013-07-09 17:52:34
2013-07-09 17:34:41,0
0,2013-07-09 17:45:29
2013-07-09 17:34:48,0
0,2013-07-09 17:48:27
0,2013-07-09 17:48:32
0,2013-07-09 17:51:39
0,2013-07-09 17:52:53
0,2013-07-09 17:50:44
2013-07-09 17:38:42,0
0,2013-07-09 18:00:18
0,2013-07-09 17:58:25
2013-07-09 17:41:36,0
0,2013-07-09 17:52:23
0,2013-07-09 17:57:06
2013-07-09 17:44:12,0
0,2013-07-09 18:18:06
0,2013-07-09 17:55:44
0,2013-07-09 17:58:17
0,2013-07-09 18:07:34
2013-07-09 17:49:27,0
0,2013-07-09 18:12:47
0,2013-07-09 18:05:35
2013-07-09 17:52:17,0
0,2013-07-09 18:12:30
0,2013-07-09 18:07:57
0,2013-07-09 18:04:48
2013-07-09 18:04:14,0
2013-07-09 18:05:05,0
2013-07-09 18:05:07,0
2013-07-09 18:05:31,0
0,2013-07-09 18:28:04
0,2013-07-09 18:25:45
2013-07-09 18:06:21,0
2013-07-09 18:06:36,0
0,2013-07-09 18:17:20
2013-07-09 18:09:49,0
2013-07-09 18:10:00,0
2013-07-09 18:11:23,0
0,2013-07-09 18:25:54
0,2013-07-09 18:21:23
0,2013-07-09 18:18:02
0,2013-07-09 18:24:49
2013-07-09 18:14:27,0
0,2013-07-09 18:37:55
2013-07-09 18:16:18,0
2013-07-09 18:17:06,0
2013-07-09 18:20:54,0
2013-07-09 18:21:36,0
2013-07-09 18:28:31,0
2013-07-09 18:30:19,0
0,2013-07-09 18:48:03
0,2013-07-09 18:52:23
0,2013-07-09 18:56:52
2013-07-09 18:44:23,0
0,2013-07-09 18:57:24
2013-07-09 18:47:44,0
0,2013-07-09 19:06:01
0,2013-07-09 19:05:05
0,2013-07-09 19:15:49
0,2013-07-09 19:13:40
0,2013-07-09 19:29:40
2013-07-09 18:57:28,0
2013-07-09 18:57:52,0
2013-07-09 19:07:43,0
2013-07-09 19:07:43,0
0,2013-07-09 19:23:03
0,2013-07-09 19:19:53
2013-07-09 19:11:51,0
0,2013-07-09 19:18:44
0,2013-07-09 19:26:55
2013-07-09 19:21:58,0
2013-07-09 19:24:17,0
0,2013-07-09 20:23:10
2013-07-09 19:30:20,0
0,2013-07-09 19:45:10
2013-07-09 19:31:28,0
2013-07-09 19:32:58,0
0,2013-07-09 19:48:29
2013-07-09 19:34:26,0
0,2013-07-10 07:01:30
0,2013-07-09 19:39:38
2013-07-09 19:37:51,0
0,2013-07-09 20:02:24
0,2013-07-09 19:58:23
2013-07-09 19:39:32,0
2013-07-09 19:39:45,0
0,2013-07-09 19:51:00
2013-07-09 19:41:01,0
2013-07-09 19:52:47,0
2013-07-09 19:57:18,0
0,2013-07-09 20:19:12
0,2013-07-09 20:18:49
2013-07-09 20:11:06,0
2013-07-09 20:11:54,0
2013-07-09 20:13:34,0
2013-07-09 20:14:01,0
2013-07-09 20:14:30,0
0,2013-07-09 20:26:09
2013-07-09 20:23:41,0
2013-07-09 20:33:17,0
0,2013-07-09 21:02:19
0,2013-07-09 21:08:36
0,2013-07-09 20:46:27
2013-07-09 20:46:40,0
0,2013-07-09 20:58:19
2013-07-09 21:01:57,0
0,2013-07-09 21:13:55
0,2013-07-09 21:12:16
2013-07-09 21:24:22,0
0,2013-07-09 21:36:50
2013-07-09 21:38:42,0
2013-07-09 21:44:42,0
2013-07-09 21:44:51,0
2013-07-09 21:48:02,0
0,2013-07-09 21:59:45
0,2013-07-09 21:58:11
2013-07-09 21:56:19,0
0,2013-07-09 22:05:36
2013-07-09 22:02:59,0
0,2013-07-09 22:12:07
0,2013-07-09 22:27:16
0,2013-07-09 22:16:14
2013-07-09 22:10:42,0
2013-07-09 22:19:19,0
0,2013-07-09 22:30:23
2013-07-09 22:23:40,0
0,2013-07-09 22:57:37
2013-07-09 22:30:46,0
0,2013-07-09 22:44:19
2013-07-09 22:58:37,0
2013-07-09 22:59:26,0
0,2013-07-09 23:34:23
2013-07-09 23:11:13,0
2013-07-09 23:23:42,0
0,2013-07-10 00:17:58
2013-07-10 00:14:36,0
0,2013-07-10 00:32:13
0,2013-07-10 00:28:48
0,2013-07-10 00:28:54
2013-07-10 00:31:26,0
2013-07-10 00:31:47,0
0,2013-07-10 00:38:27
0,2013-07-10 01:05:01
0,2013-07-10 00:57:09
0,2013-07-10 00:55:07
2013-07-10 01:01:13,0
2013-07-10 03:00:34,0
2013-07-10 05:39:53,0
0,2013-07-10 06:31:37
2013-07-10 06:31:01,0
2013-07-10 06:39:05,0
2013-07-10 06:43:28,0
2013-07-10 06:51:00,0
2013-07-10 06:53:49,0
2013-07-10 06:56:57,0
0,2013-07-10 07:07:48
2013-07-10 07:02:07,0
2013-07-10 07:03:28,0
2013-07-10 07:04:03,0
2013-07-10 07:04:47,0
2013-07-10 07:08:53,0
0,2013-07-10 07:22:02
2013-07-10 07:14:54,0
2013-07-10 07:15:20,0
2013-07-10 07:18:25,0
2013-07-10 07:23:37,0
0,2013-07-10 07:27:26
2013-07-10 07:27:07,0
2013-07-10 07:27:50,0
2013-07-10 07:28:06,0
2013-07-10 07:28:39,0
2013-07-10 07:30:26,0
2013-07-10 07:31:05,0
2013-07-10 07:39:31,0
0,2013-07-10 08:11:11
2013-07-10 08:06:26,0
0,2013-07-10 08:19:08
2013-07-10 08:13:50,0
2013-07-10 08:19:19,0
2013-07-10 08:31:00,0
2013-07-10 08:33:26,0
0,2013-07-10 08:45:17
0,2013-07-10 09:36:51
0,2013-07-10 09:01:01
2013-07-10 09:01:19,0
0,2013-07-10 09:30:20
0,2013-07-10 09:40:34
0,2013-07-10 10:22:06
0,2013-07-10 10:36:31
2013-07-10 10:36:52,0
0,2013-07-10 11:16:45
0,2013-07-10 11:27:12
2013-07-10 11:33:18,0
0,2013-07-10 11:49:27
0,2013-07-10 11:52:48
2013-07-10 11:39:56,0
2013-07-10 11:43:57,0
0,2013-07-10 11:57:02
2013-07-10 11:51:41,0
2013-07-10 11:56:51,0
2013-07-10 12:01:50,0
0,2013-07-10 12:09:05
2013-07-10 12:14:05,0
0,2013-07-10 12:25:26
0,2013-07-10 12:25:30
0,2013-07-10 12:37:04
0,2013-07-10 12:45:48
2013-07-10 12:42:05,0
0,2013-07-10 12:48:28
2013-07-10 12:47:26,0
2013-07-10 13:05:32,0
2013-07-10 13:15:10,0
0,2013-07-10 13:47:26
0,2013-07-10 14:05:04
0,2013-07-10 13:56:57
2013-07-10 14:01:43,0
0,2013-07-10 14:23:11
0,2013-07-10 14:36:00
2013-07-10 14:44:36,0
2013-07-10 14:58:25,0
0,2013-07-10 15:15:34
0,2013-07-10 15:46:22
0,2013-07-10 15:23:51
0,2013-07-10 15:57:20
2013-07-10 15:26:50,0
2013-07-10 15:30:54,0
0,2013-07-10 15:47:48
2013-07-10 15:52:02,0
2013-07-10 15:53:18,0
0,2013-07-10 16:19:44
0,2013-07-10 16:03:50
0,2013-07-10 16:14:08
0,2013-07-10 16:09:24
2013-07-10 16:02:23,0
2013-07-10 16:05:46,0
0,2013-07-10 16:25:12
0,2013-07-10 16:18:39
0,2013-07-10 16:29:37
2013-07-10 16:28:07,0
0,2013-07-10 16:50:48
2013-07-10 16:36:35,0
0,2013-07-10 16:55:42
0,2013-07-10 16:58:34
0,2013-07-10 16:54:30
2013-07-10 16:49:37,0
0,2013-07-10 17:46:32
2013-07-10 16:54:09,0
0,2013-07-10 17:07:05
0,2013-07-10 17:14:19
0,2013-07-10 17:13:40
0,2013-07-10 17:32:53
0,2013-07-10 17:30:30
0,2013-07-10 17:35:49
0,2013-07-10 17:30:28
0,2013-07-10 17:30:37
0,2013-07-10 17:40:51
2013-07-10 17:30:01,0
0,2013-07-10 17:50:01
2013-07-10 17:32:35,0
0,2013-07-10 17:57:30
0,2013-07-10 17:49:55
0,2013-07-10 17:41:50
0,2013-07-10 17:51:10
2013-07-10 17:39:29,0
0,2013-07-10 18:17:13
2013-07-10 17:42:35,0
0,2013-07-10 17:57:22
2013-07-10 17:43:57,0
2013-07-10 17:46:33,0
2013-07-10 17:47:18,0
2013-07-10 17:47:22,0
0,2013-07-10 18:03:42
0,2013-07-10 18:17:48
0,2013-07-10 18:01:24
0,2013-07-10 17:59:09
0,2013-07-10 18:12:53
2013-07-10 17:55:09,0
0,2013-07-10 18:02:15
0,2013-07-10 18:16:28
2013-07-10 17:58:18,0
0,2013-07-10 18:15:21
0,2013-07-10 18:13:36
0,2013-07-10 18:19:55
0,2013-07-10 18:18:55
0,2013-07-10 18:32:26
2013-07-10 18:08:48,0
2013-07-10 18:08:50,0
2013-07-10 18:10:16,0
2013-07-10 18:12:54,0
0,2013-07-10 18:22:13
0,2013-07-10 18:42:30
2013-07-10 18:16:53,0
0,2013-07-10 18:28:50
0,2013-07-10 18:29:33
2013-07-10 18:19:56,0
2013-07-10 18:20:01,0
2013-07-10 18:21:03,0
2013-07-10 18:24:56,0
2013-07-10 18:25:25,0
2013-07-10 18:25:49,0
2013-07-10 18:27:59,0
2013-07-10 18:32:47,0
2013-07-10 18:33:22,0
0,2013-07-10 18:47:03
0,2013-07-10 19:03:39
2013-07-10 18:40:29,0
0,2013-07-10 18:54:25
2013-07-10 18:42:12,0
2013-07-10 18:43:58,0
0,2013-07-10 18:58:52
2013-07-10 18:47:30,0
2013-07-10 18:47:47,0
0,2013-07-10 19:06:46
0,2013-07-10 19:04:13
0,2013-07-10 19:08:47
2013-07-10 18:51:14,0
2013-07-10 18:52:03,0
0,2013-07-10 19:12:07
2013-07-10 18:53:54,0
2013-07-10 18:54:12,0
0,2013-07-10 19:24:51
2013-07-10 18:55:12,0
0,2013-07-10 19:25:57
0,2013-07-10 19:13:47
2013-07-10 18:58:55,0
0,2013-07-10 19:21:44
0,2013-07-10 19:18:50
2013-07-10 19:03:23,0
0,2013-07-10 19:21:40
0,2013-07-10 19:16:06
2013-07-10 19:06:12,0
0,2013-07-10 19:18:48
0,2013-07-10 19:26:48
2013-07-10 19:10:42,0
2013-07-10 19:13:01,0
2013-07-10 19:14:12,0
2013-07-10 19:14:57,0
0,2013-07-10 19:25:40
0,2013-07-10 19:33:52
0,2013-07-10 19:47:14
0,2013-07-10 19:38:47
2013-07-10 19:18:44,0
2013-07-10 19:19:59,0
0,2013-07-10 19:26:59
2013-07-10 19:21:59,0
2013-07-10 19:22:09,0
2013-07-10 19:23:11,0
2013-07-10 19:25:17,0
0,2013-07-10 19:33:24
0,2013-07-10 19:51:07
2013-07-10 19:28:38,0
2013-07-10 19:28:44,0
2013-07-10 19:29:20,0
0,2013-07-10 19:47:45
2013-07-10 19:30:09,0
2013-07-10 19:30:09,0
2013-07-10 19:30:45,0
2013-07-10 19:30:54,0
0,2013-07-10 19:52:05
2013-07-10 19:39:16,0
2013-07-10 19:40:21,0
2013-07-10 19:40:27,0
2013-07-10 19:40:35,0
2013-07-10 19:40:51,0
2013-07-10 19:43:16,0
2013-07-10 19:44:49,0
2013-07-10 19:46:07,0
2013-07-10 19:46:49,0
0,2013-07-10 19:57:20
2013-07-10 19:48:36,0
0,2013-07-10 19:59:11
0,2013-07-10 20:25:03
2013-07-10 19:59:00,0
0,2013-07-10 20:11:31
0,2013-07-10 20:29:28
0,2013-07-10 20:26:32
0,2013-07-10 20:15:32
2013-07-10 20:13:04,0
0,2013-07-10 20:33:01
0,2013-07-10 20:24:50
2013-07-10 20:22:42,0
2013-07-10 20:26:02,0
0,2013-07-10 20:34:31
0,2013-07-10 20:44:18
2013-07-10 20:29:47,0
0,2013-07-10 20:45:38
0,2013-07-10 20:59:58
2013-07-10 20:36:24,0
0,2013-07-10 20:49:43
0,2013-07-10 20:58:35
0,2013-07-10 20:47:15
0,2013-07-10 21:16:25
2013-07-10 20:50:52,0
2013-07-10 20:52:17,0
0,2013-07-10 21:43:47
2013-07-10 21:01:29,0
2013-07-10 21:11:29,0
0,2013-07-10 21:29:49
2013-07-10 21:16:35,0
2013-07-10 21:16:49,0
0,2013-07-10 21:36:01
0,2013-07-10 21:40:25
0,2013-07-10 21:48:44
2013-07-10 21:38:52,0
0,2013-07-10 21:55:38
0,2013-07-10 22:07:55
2013-07-10 22:02:34,0
0,2013-07-10 22:11:37
2013-07-10 22:02:53,0
2013-07-10 22:03:47,0
2013-07-10 22:04:38,0
0,2013-07-10 22:16:07
0,2013-07-10 22:15:42
2013-07-10 22:12:25,0
2013-07-10 22:20:27,0
0,2013-07-10 23:07:14
2013-07-10 22:21:54,0
2013-07-10 22:22:06,0
0,2013-07-10 22:42:39
0,2013-07-10 22:47:35
0,2013-07-10 23:15:26
0,2013-07-10 23:26:20
0,2013-07-10 23:26:50
0,2013-07-10 23:15:58
0,2013-07-10 23:15:12
2013-07-10 23:12:10,0
0,2013-07-10 23:48:18
0,2013-07-10 23:38:29
0,2013-07-10 23:48:05
0,2013-07-10 23:48:20
2013-07-10 23:49:20,0
0,2013-07-11 00:24:36
2013-07-11 00:27:19,0
0,2013-07-11 03:03:52
2013-07-11 01:14:48,0
2013-07-11 02:08:35,0
2013-07-11 06:17:55,0
0,2013-07-11 06:19:25
0,2013-07-11 07:09:09
2013-07-11 06:30:32,0
2013-07-11 06:33:45,0
2013-07-11 06:42:04,0
0,2013-07-11 06:51:44
2013-07-11 06:47:05,0
0,2013-07-11 06:52:41
2013-07-11 06:49:44,0
2013-07-11 06:49:50,0
0,2013-07-11 07:23:33
2013-07-11 06:56:43,0
2013-07-11 07:00:28,0
2013-07-11 07:01:08,0
2013-07-11 07:03:19,0
0,2013-07-11 07:28:54
0,2013-07-11 07:09:10
2013-07-11 07:12:39,0
2013-07-11 07:15:45,0
2013-07-11 07:20:26,0
2013-07-11 07:22:08,0
0,2013-07-11 07:25:12
2013-07-11 07:23:40,0
2013-07-11 07:25:18,0
2013-07-11 07:25:34,0
2013-07-11 07:30:23,0
2013-07-11 07:32:41,0
2013-07-11 07:34:35,0
0,2013-07-11 07:35:48
2013-07-11 07:34:59,0
2013-07-11 07:36:01,0
0,2013-07-11 07:40:43
2013-07-11 07:37:13,0
2013-07-11 07:37:50,0
2013-07-11 07:41:22,0
0,2013-07-11 08:06:39
0,2013-07-11 08:02:58
2013-07-11 08:03:20,0
2013-07-11 08:05:27,0
0,2013-07-11 08:17:46
2013-07-11 08:15:07,0
2013-07-11 08:16:37,0
0,2013-07-11 08:33:27
2013-07-11 08:33:52,0
0,2013-07-11 08:45:10
2013-07-11 08:37:18,0
0,2013-07-11 08:45:51
2013-07-11 08:41:33,0
2013-07-11 08:45:03,0
2013-07-11 08:45:49,0
0,2013-07-11 09:22:16
0,2013-07-11 09:14:21
0,2013-07-11 09:26:19
2013-07-11 09:17:21,0
2013-07-11 09:22:22,0
0,2013-07-11 09:45:51
0,2013-07-11 09:39:19
2013-07-11 09:27:36,0
2013-07-11 09:27:55,0
0,2013-07-11 09:33:05
2013-07-11 09:34:53,0
0,2013-07-11 09:45:17
2013-07-11 09:41:25,0
0,2013-07-11 10:02:03
0,2013-07-11 10:03:30
2013-07-11 10:05:07,0
2013-07-11 10:07:10,0
0,2013-07-11 10:24:58
0,2013-07-11 10:17:21
0,2013-07-11 10:31:36
2013-07-11 10:33:30,0
2013-07-11 10:35:07,0
0,2013-07-11 10:54:37
2013-07-11 10:44:26,0
2013-07-11 10:54:51,0
0,2013-07-11 11:11:35
2013-07-11 11:26:07,0
0,2013-07-11 11:50:30
0,2013-07-11 12:01:57
0,2013-07-11 12:25:16
0,2013-07-11 12:04:02
0,2013-07-11 12:09:51
2013-07-11 12:07:13,0
2013-07-11 12:13:36,0
0,2013-07-11 12:32:37
0,2013-07-11 12:32:44
0,2013-07-11 12:33:26
0,2013-07-11 12:35:31
0,2013-07-11 12:40:31
2013-07-11 12:28:58,0
2013-07-11 12:31:16,0
2013-07-11 12:39:01,0
2013-07-11 12:41:43,0
2013-07-11 12:43:12,0
2013-07-11 12:43:21,0
2013-07-11 12:43:57,0
2013-07-11 12:52:08,0
2013-07-11 12:52:12,0
2013-07-11 13:06:22,0
0,2013-07-11 13:35:35
0,2013-07-11 14:01:48
2013-07-11 13:36:08,0
0,2013-07-11 15:43:29
0,2013-07-11 14:24:36
0,2013-07-11 13:59:10
0,2013-07-11 14:13:41
2013-07-11 14:00:48,0
0,2013-07-11 14:15:47
2013-07-11 14:14:38,0
2013-07-11 14:18:00,0
0,2013-07-11 14:24:41
2013-07-11 14:24:14,0
0,2013-07-11 14:32:04
2013-07-11 14:26:05,0
0,2013-07-11 17:35:58
0,2013-07-11 14:41:31
2013-07-11 14:30:21,0
0,2013-07-11 14:53:25
2013-07-11 14:42:25,0
2013-07-11 14:44:35,0
2013-07-11 14:53:43,0
0,2013-07-11 15:03:24
0,2013-07-11 15:25:54
0,2013-07-11 15:08:50
0,2013-07-11 15:20:57
0,2013-07-11 15:19:51
0,2013-07-11 15:19:20
0,2013-07-11 15:32:44
2013-07-11 15:16:51,0
2013-07-11 15:18:22,0
0,2013-07-11 15:25:08
2013-07-11 15:21:38,0
2013-07-11 15:26:43,0
2013-07-11 15:27:00,0
2013-07-11 15:30:43,0
0,2013-07-11 15:55:57
2013-07-11 15:32:41,0
2013-07-11 15:32:55,0
0,2013-07-11 15:47:12
0,2013-07-11 15:51:33
0,2013-07-11 16:07:40
2013-07-11 15:47:57,0
0,2013-07-11 15:58:58
0,2013-07-11 16:04:16
0,2013-07-11 16:23:26
0,2013-07-11 16:10:51
2013-07-11 16:08:05,0
0,2013-07-11 16:25:19
0,2013-07-11 17:01:53
2013-07-11 16:30:08,0
0,2013-07-11 16:53:30
0,2013-07-11 16:58:23
0,2013-07-11 17:06:05
0,2013-07-11 17:23:07
0,2013-07-11 17:17:02
0,2013-07-11 17:23:10
0,2013-07-11 17:21:21
0,2013-07-11 17:23:53
0,2013-07-11 17:43:35
2013-07-11 17:18:42,0
0,2013-07-11 17:35:14
0,2013-07-11 17:44:25
2013-07-11 17:30:17,0
0,2013-07-11 17:44:05
0,2013-07-11 17:54:25
0,2013-07-11 17:51:20
2013-07-11 17:42:56,0
0,2013-07-11 17:59:55
2013-07-11 17:51:00,0
0,2013-07-11 18:26:58
2013-07-11 17:53:35,0
0,2013-07-11 18:24:00
2013-07-11 17:59:30,0
2013-07-11 18:11:10,0
2013-07-11 18:36:45,0
2013-07-11 18:37:52,0
0,2013-07-11 19:02:32
0,2013-07-11 19:10:23
2013-07-11 18:58:01,0
0,2013-07-11 19:04:42
2013-07-11 18:58:23,0
0,2013-07-11 19:20:17
2013-07-11 19:00:28,0
0,2013-07-11 19:03:42
2013-07-11 19:00:57,0
0,2013-07-11 19:17:52
0,2013-07-11 19:13:58
2013-07-11 19:17:14,0
2013-07-11 19:17:19,0
0,2013-07-11 19:24:04
2013-07-11 19:18:20,0
0,2013-07-11 20:08:20
2013-07-11 19:23:37,0
0,2013-07-11 19:39:29
0,2013-07-11 19:44:17
0,2013-07-11 19:38:52
0,2013-07-11 19:47:52
2013-07-11 19:31:19,0
0,2013-07-11 20:04:09
0,2013-07-11 19:41:31
2013-07-11 19:34:17,0
0,2013-07-11 20:04:55
2013-07-11 19:37:41,0
2013-07-11 19:43:06,0
0,2013-07-11 19:58:32
2013-07-11 19:47:34,0
0,2013-07-11 19:58:53
0,2013-07-11 20:11:38
0,2013-07-11 20:26:53
2013-07-11 19:58:19,0
2013-07-11 20:03:47,0
2013-07-11 20:04:15,0
2013-07-11 20:08:39,0
0,2013-07-11 21:14:21
0,2013-07-11 20:41:39
0,2013-07-11 21:08:21
0,2013-07-11 20:42:32
0,2013-07-11 20:46:36
0,2013-07-11 21:06:37
2013-07-11 20:45:32,0
2013-07-11 20:45:52,0
2013-07-11 20:50:26,0
2013-07-11 20:52:45,0
2013-07-11 21:02:01,0
2013-07-11 21:06:41,0
2013-07-11 21:07:00,0
0,2013-07-11 21:42:54
2013-07-11 21:27:45,0
2013-07-11 21:28:19,0
0,2013-07-11 22:05:16
2013-07-11 21:32:40,0
0,2013-07-11 22:05:39
2013-07-11 21:37:15,0
0,2013-07-11 21:50:37
2013-07-11 22:00:29,0
2013-07-11 22:00:44,0
2013-07-11 22:01:10,0
2013-07-11 22:03:19,0
2013-07-11 22:04:35,0
2013-07-11 22:06:38,0
2013-07-11 22:07:56,0
0,2013-07-11 22:19:59
2013-07-11 22:11:59,0
0,2013-07-11 22:40:23
0,2013-07-11 22:27:12
0,2013-07-11 22:39:21
0,2013-07-11 22:53:29
2013-07-11 22:39:55,0
2013-07-11 22:40:39,0
0,2013-07-11 22:51:20
0,2013-07-11 22:52:33
2013-07-11 22:49:12,0
2013-07-11 22:56:22,0
2013-07-11 22:59:55,0
0,2013-07-11 23:01:37
0,2013-07-11 23:35:36
0,2013-07-11 23:31:26
2013-07-11 23:26:38,0
2013-07-11 23:26:45,0
0,2013-07-11 23:57:08
0,2013-07-11 23:59:16
2013-07-11 23:34:43,0
0,2013-07-11 23:59:32
0,2013-07-11 23:44:33
0,2013-07-12 00:06:23
2013-07-11 23:51:54,0
2013-07-11 23:58:04,0
2013-07-12 00:00:19,0
2013-07-12 00:03:42,0
0,2013-07-12 00:35:35
0,2013-07-12 00:40:58
2013-07-12 00:38:21,0
2013-07-12 05:33:05,0
2013-07-12 06:00:38,0
2013-07-12 06:08:47,0
0,2013-07-12 06:23:13
0,2013-07-12 06:25:10
0,2013-07-12 06:29:43
2013-07-12 06:27:41,0
2013-07-12 06:31:01,0
2013-07-12 06:31:55,0
2013-07-12 06:34:02,0
2013-07-12 06:52:45,0
2013-07-12 06:53:23,0
2013-07-12 06:54:38,0
2013-07-12 06:56:58,0
2013-07-12 07:01:11,0
2013-07-12 07:02:09,0
0,2013-07-12 07:27:22
2013-07-12 07:04:12,0
2013-07-12 07:04:34,0
2013-07-12 07:05:47,0
2013-07-12 07:08:12,0
2013-07-12 07:08:49,0
0,2013-07-12 07:25:06
2013-07-12 07:12:35,0
2013-07-12 07:16:05,0
2013-07-12 07:21:03,0
2013-07-12 07:21:12,0
0,2013-07-12 07:24:52
2013-07-12 07:24:34,0
2013-07-12 07:26:31,0
2013-07-12 07:28:21,0
2013-07-12 07:29:46,0
2013-07-12 07:30:33,0
2013-07-12 07:32:45,0
2013-07-12 07:33:50,0
2013-07-12 07:34:54,0
2013-07-12 07:35:01,0
2013-07-12 07:35:41,0
0,2013-07-12 07:45:34
2013-07-12 07:46:00,0
0,2013-07-12 08:21:32
2013-07-12 08:24:47,0
0,2013-07-12 08:52:01
0,2013-07-12 09:18:14
0,2013-07-12 09:14:06
2013-07-12 09:09:36,0
0,2013-07-12 09:39:31
2013-07-12 09:31:23,0
2013-07-12 09:40:15,0
0,2013-07-12 09:54:57
0,2013-07-12 09:55:46
2013-07-12 09:44:02,0
0,2013-07-12 09:58:37
2013-07-12 09:56:19,0
2013-07-12 09:57:04,0
0,2013-07-12 10:12:17
2013-07-12 10:03:53,0
0,2013-07-12 10:15:35
0,2013-07-12 10:23:19
0,2013-07-12 10:32:35
0,2013-07-12 10:32:31
2013-07-12 10:24:49,0
2013-07-12 10:37:05,0
0,2013-07-12 11:05:13
0,2013-07-12 11:00:16
0,2013-07-12 11:20:32
2013-07-12 11:17:16,0
2013-07-12 11:20:22,0
0,2013-07-12 11:32:12
2013-07-12 11:27:06,0
2013-07-12 11:27:13,0
2013-07-12 11:29:57,0
0,2013-07-12 11:46:27
0,2013-07-12 11:48:13
0,2013-07-12 12:17:22
0,2013-07-12 12:29:48
2013-07-12 12:08:57,0
2013-07-12 12:11:27,0
0,2013-07-12 12:31:16
0,2013-07-12 12:34:21
0,2013-07-12 12:43:39
2013-07-12 12:28:43,0
2013-07-12 12:28:48,0
2013-07-12 12:35:31,0
2013-07-12 12:39:34,0
2013-07-12 12:44:01,0
2013-07-12 12:44:23,0
2013-07-12 12:45:53,0
2013-07-12 12:47:06,0
0,2013-07-12 13:15:00
0,2013-07-12 13:17:54
0,2013-07-12 13:06:32
0,2013-07-12 13:50:33
0,2013-07-12 13:12:19
2013-07-12 13:06:44,0
0,2013-07-12 13:08:34
2013-07-12 13:09:02,0
0,2013-07-12 13:18:13
0,2013-07-12 13:33:24
0,2013-07-12 13:27:09
2013-07-12 13:18:00,0
2013-07-12 13:18:34,0
0,2013-07-12 15:09:22
0,2013-07-12 13:36:17
2013-07-12 13:19:26,0
0,2013-07-12 13:41:17
2013-07-12 13:26:37,0
2013-07-12 13:37:32,0
2013-07-12 13:40:26,0
2013-07-12 13:49:32,0
2013-07-12 13:55:15,0
0,2013-07-12 14:24:12
2013-07-12 14:11:31,0
0,2013-07-12 14:21:33
0,2013-07-12 14:46:52
0,2013-07-12 15:28:18
0,2013-07-12 15:06:27
0,2013-07-12 15:04:13
0,2013-07-12 15:20:35
0,2013-07-12 15:15:03
0,2013-07-12 15:18:20
2013-07-12 15:09:29,0
0,2013-07-12 15:24:24
0,2013-07-12 15:33:08
2013-07-12 15:17:12,0
2013-07-12 15:18:20,0
0,2013-07-12 15:45:16
0,2013-07-12 15:41:01
2013-07-12 15:29:40,0
2013-07-12 15:32:42,0
0,2013-07-12 15:52:01
2013-07-12 15:33:54,0
0,2013-07-12 15:45:07
2013-07-12 15:35:18,0
0,2013-07-12 15:48:55
0,2013-07-12 16:17:08
0,2013-07-12 16:11:54
0,2013-07-12 16:18:42
0,2013-07-12 16:23:57
0,2013-07-12 16:36:49
2013-07-12 16:25:23,0
0,2013-07-12 16:41:02
2013-07-12 16:29:47,0
0,2013-07-12 16:43:52
0,2013-07-12 16:45:13
0,2013-07-12 16:44:38
2013-07-12 16:32:27,0
0,2013-07-12 16:39:34
0,2013-07-12 16:51:19
0,2013-07-12 16:46:53
0,2013-07-12 17:29:31
2013-07-12 16:58:13,0
0,2013-07-12 17:16:01
0,2013-07-12 17:11:16
0,2013-07-12 17:17:32
0,2013-07-12 17:19:38
0,2013-07-12 17:31:07
0,2013-07-12 17:35:01
2013-07-12 17:08:36,0
2013-07-12 17:08:58,0
0,2013-07-12 17:28:13
0,2013-07-12 17:28:48
0,2013-07-12 17:27:30
2013-07-12 17:12:43,0
0,2013-07-12 17:15:30
2013-07-12 17:13:08,0
0,2013-07-12 17:53:11
0,2013-07-12 17:38:06
0,2013-07-12 17:40:04
2013-07-12 17:24:11,0
2013-07-12 17:26:18,0
0,2013-07-12 17:41:26
0,2013-07-12 17:40:38
2013-07-12 17:31:16,0
0,2013-07-12 17:44:54
0,2013-07-12 17:55:01
0,2013-07-12 17:47:57
2013-07-12 17:35:42,0
2013-07-12 17:37:17,0
2013-07-12 17:37:52,0
0,2013-07-12 18:14:19
0,2013-07-12 17:57:25
0,2013-07-12 17:52:33
0,2013-07-12 17:51:03
2013-07-12 17:42:12,0
2013-07-12 17:43:13,0
2013-07-12 17:43:24,0
2013-07-12 17:46:45,0
0,2013-07-12 17:59:26
2013-07-12 17:47:24,0
0,2013-07-12 17:58:56
2013-07-12 18:11:40,0
2013-07-12 18:12:04,0
0,2013-07-12 18:34:58
0,2013-07-12 18:40:16
0,2013-07-12 18:45:32
2013-07-12 18:34:16,0
2013-07-12 18:38:44,0
2013-07-12 18:44:54,0
2013-07-12 18:47:42,0
0,2013-07-12 18:57:28
0,2013-07-12 19:08:30
0,2013-07-12 19:00:37
2013-07-12 18:57:48,0
2013-07-12 19:02:34,0
0,2013-07-12 19:17:18
0,2013-07-12 19:24:13
0,2013-07-12 19:25:05
2013-07-12 19:20:45,0
0,2013-07-12 19:45:31
2013-07-12 19:49:44,0
0,2013-07-12 21:19:16
0,2013-07-12 21:45:41
0,2013-07-12 21:51:32
2013-07-12 22:05:18,0
2013-07-12 22:35:50,0
2013-07-12 22:46:45,0
2013-07-15 00:02:33,0
0,2013-07-15 00:16:23
2013-07-15 00:44:10,0
2013-07-15 00:45:06,0
2013-07-15 01:04:25,0
2013-07-15 01:04:36,0
2013-07-15 01:04:42,0
0,2013-07-15 02:06:27
0,2013-07-15 02:46:05
0,2013-07-15 05:20:43
2013-07-15 05:52:55,0
0,2013-07-15 06:25:04
2013-07-15 06:47:54,0
2013-07-15 06:52:37,0
2013-07-15 06:55:46,0
2013-07-15 06:57:19,0
2013-07-15 06:59:19,0
0,2013-07-15 07:25:46
2013-07-15 07:00:00,0
2013-07-15 07:31:00,0
2013-07-15 07:48:30,0
0,2013-07-15 07:56:14
0,2013-07-15 08:06:38
2013-07-15 08:11:22,0
0,2013-07-15 08:30:38
2013-07-15 08:24:33,0
0,2013-07-15 08:39:43
0,2013-07-15 08:48:13
0,2013-07-15 08:46:12
0,2013-07-15 08:56:49
2013-07-15 08:40:15,0
0,2013-07-15 08:58:48
2013-07-15 08:46:44,0
0,2013-07-15 09:02:34
0,2013-07-15 09:02:19
0,2013-07-15 09:01:59
2013-07-15 08:50:11,0
0,2013-07-15 08:58:56
2013-07-15 08:59:49,0
2013-07-15 09:02:25,0
2013-07-15 09:03:12,0
2013-07-15 09:03:43,0
2013-07-15 09:06:02,0
0,2013-07-15 09:18:36
0,2013-07-15 09:31:05
0,2013-07-15 09:24:28
2013-07-15 09:16:48,0
2013-07-15 09:20:23,0
0,2013-07-15 09:30:53
2013-07-15 09:25:23,0
2013-07-15 09:27:30,0
2013-07-15 09:31:23,0
0,2013-07-15 09:40:15
0,2013-07-15 09:48:09
2013-07-15 09:42:34,0
0,2013-07-15 09:58:40
0,2013-07-15 09:48:04
2013-07-15 09:48:38,0
2013-07-15 09:51:06,0
0,2013-07-15 10:03:43
0,2013-07-15 10:02:00
0,2013-07-15 10:11:03
2013-07-15 10:01:23,0
0,2013-07-15 10:09:43
2013-07-15 10:02:53,0
2013-07-15 10:03:45,0
0,2013-07-15 10:27:03
2013-07-15 10:13:02,0
2013-07-15 10:13:33,0
0,2013-07-15 10:27:41
2013-07-15 10:25:35,0
2013-07-15 10:32:13,0
2013-07-15 10:32:37,0
0,2013-07-15 10:46:00
0,2013-07-15 10:44:24
2013-07-15 10:50:21,0
0,2013-07-15 10:59:16
2013-07-15 10:54:57,0
0,2013-07-15 11:14:10
0,2013-07-15 11:40:55
0,2013-07-15 12:06:05
0,2013-07-15 11:44:46
0,2013-07-15 11:48:34
2013-07-15 11:40:47,0
2013-07-15 11:57:43,0
2013-07-15 12:11:41,0
2013-07-15 12:11:44,0
0,2013-07-15 12:23:05
0,2013-07-15 12:27:49
2013-07-15 12:24:23,0
0,2013-07-15 12:31:07
2013-07-15 12:39:53,0
2013-07-15 12:39:53,0
0,2013-07-15 13:19:23
0,2013-07-15 13:10:39
2013-07-15 13:12:58,0
0,2013-07-15 13:30:42
2013-07-15 13:36:42,0
2013-07-15 13:40:59,0
0,2013-07-15 14:52:16
0,2013-07-15 15:07:09
0,2013-07-15 15:13:22
2013-07-15 14:57:24,0
0,2013-07-15 15:23:28
0,2013-07-15 15:29:12
0,2013-07-15 15:20:38
0,2013-07-15 15:32:55
2013-07-15 15:20:39,0
2013-07-15 15:35:41,0
2013-07-15 15:36:27,0
0,2013-07-15 15:39:48
2013-07-15 15:42:20,0
0,2013-07-15 15:53:41
2013-07-15 15:47:10,0
0,2013-07-15 16:20:52
0,2013-07-15 16:29:26
2013-07-15 16:04:20,0
0,2013-07-15 16:27:43
2013-07-15 16:29:53,0
2013-07-15 16:31:45,0
2013-07-15 16:32:25,0
0,2013-07-15 16:37:36
0,2013-07-15 16:44:43
0,2013-07-15 16:42:14
0,2013-07-15 16:44:42
0,2013-07-15 16:50:39
2013-07-15 16:38:20,0
0,2013-07-15 16:50:17
0,2013-07-15 16:57:50
0,2013-07-15 17:09:15
2013-07-15 17:04:22,0
0,2013-07-15 17:20:25
0,2013-07-15 17:20:48
0,2013-07-15 17:18:40
0,2013-07-15 17:21:53
0,2013-07-15 17:41:54
0,2013-07-15 17:23:02
0,2013-07-15 17:23:01
0,2013-07-15 17:30:27
0,2013-07-15 17:29:56
2013-07-15 17:17:38,0
0,2013-07-15 17:29:12
2013-07-15 17:19:36,0
0,2013-07-15 17:29:27
0,2013-07-15 17:28:25
0,2013-07-15 17:36:48
0,2013-07-15 17:37:06
2013-07-15 17:25:47,0
2013-07-15 17:26:10,0
0,2013-07-15 17:46:14
2013-07-15 17:30:49,0
0,2013-07-15 17:43:44
0,2013-07-15 17:44:41
0,2013-07-15 17:49:07
2013-07-15 17:35:25,0
0,2013-07-15 17:41:11
0,2013-07-15 17:44:28
0,2013-07-15 17:57:52
0,2013-07-15 17:50:46
2013-07-15 17:38:27,0
2013-07-15 17:38:34,0
0,2013-07-15 17:51:05
0,2013-07-15 18:13:30
0,2013-07-15 17:57:13
2013-07-15 17:43:35,0
0,2013-07-15 17:55:05
2013-07-15 17:46:24,0
2013-07-15 17:46:50,0
0,2013-07-15 17:56:58
2013-07-15 17:48:37,0
0,2013-07-15 18:02:26
0,2013-07-15 18:04:55
2013-07-15 17:53:04,0
0,2013-07-15 18:06:00
0,2013-07-15 18:05:31
0,2013-07-15 18:11:02
2013-07-15 18:00:15,0
0,2013-07-15 18:23:36
2013-07-15 18:03:24,0
2013-07-15 18:07:43,0
0,2013-07-15 18:18:54
0,2013-07-15 18:28:35
0,2013-07-15 18:41:30
0,2013-07-15 18:25:48
2013-07-15 18:18:13,0
2013-07-15 18:20:36,0
0,2013-07-15 18:38:35
2013-07-15 18:22:55,0
0,2013-07-15 18:43:29
2013-07-15 18:24:43,0
0,2013-07-15 18:36:35
0,2013-07-15 18:36:43
0,2013-07-15 18:39:48
0,2013-07-15 18:49:43
2013-07-15 18:33:26,0
2013-07-15 18:34:02,0
2013-07-15 18:34:23,0
0,2013-07-15 18:50:13
2013-07-15 18:43:08,0
0,2013-07-15 18:57:45
2013-07-15 18:47:04,0
2013-07-15 18:49:05,0
2013-07-15 18:49:10,0
0,2013-07-15 19:18:14
0,2013-07-15 19:10:37
0,2013-07-15 19:03:16
2013-07-15 18:55:40,0
0,2013-07-15 19:05:15
0,2013-07-15 19:07:21
2013-07-15 19:02:37,0
2013-07-15 19:06:46,0
2013-07-15 19:06:55,0
0,2013-07-15 19:37:29
2013-07-15 19:09:33,0
0,2013-07-15 19:20:50
2013-07-15 19:13:09,0
0,2013-07-15 19:32:42
2013-07-15 19:17:38,0
0,2013-07-15 19:40:49
0,2013-07-15 19:34:21
0,2013-07-15 19:42:03
2013-07-15 19:32:13,0
2013-07-15 19:33:41,0
2013-07-15 19:33:48,0
2013-07-15 19:34:16,0
0,2013-07-15 19:56:24
2013-07-15 19:40:28,0
0,2013-07-15 19:52:26
2013-07-15 19:49:57,0
2013-07-15 20:10:03,0
0,2013-07-15 20:20:09
2013-07-15 20:18:43,0
2013-07-15 20:28:14,0
2013-07-15 20:28:56,0
2013-07-15 20:33:14,0
0,2013-07-15 21:08:43
0,2013-07-15 20:41:17
2013-07-15 20:35:49,0
2013-07-15 20:36:25,0
2013-07-15 20:37:36,0
2013-07-15 20:38:09,0
0,2013-07-15 21:02:23
0,2013-07-15 20:56:10
0,2013-07-15 21:00:22
0,2013-07-15 21:20:45
0,2013-07-15 21:20:49
2013-07-15 20:58:33,0
0,2013-07-15 21:26:59
0,2013-07-15 21:25:07
0,2013-07-15 21:24:26
0,2013-07-15 21:42:08
2013-07-15 21:29:07,0
2013-07-15 21:45:18,0
0,2013-07-15 22:20:27
2013-07-15 21:57:43,0
2013-07-15 21:58:15,0
2013-07-15 22:02:45,0
2013-07-15 22:11:05,0
0,2013-07-16 07:32:06
0,2013-07-15 22:50:08
0,2013-07-15 23:05:52
0,2013-07-15 23:07:09
2013-07-15 23:02:16,0
2013-07-15 23:11:55,0
0,2013-07-15 23:40:36
2013-07-15 23:46:36,0
0,2013-07-16 00:10:53
0,2013-07-16 00:02:41
2013-07-15 23:53:44,0
2013-07-16 00:11:04,0
0,2013-07-16 00:23:16
2013-07-16 01:04:29,0
0,2013-07-16 01:32:52
2013-07-16 01:41:24,0
0,2013-07-16 02:25:11
0,2013-07-16 06:00:15
2013-07-16 06:34:07,0
2013-07-16 06:37:07,0
2013-07-16 06:37:41,0
2013-07-16 06:39:32,0
2013-07-16 06:39:58,0
2013-07-16 06:41:02,0
2013-07-16 06:42:59,0
2013-07-16 06:46:01,0
2013-07-16 06:55:27,0
0,2013-07-16 07:25:53
2013-07-16 07:00:07,0
0,2013-07-16 07:16:49
2013-07-16 07:03:38,0
2013-07-16 07:10:46,0
2013-07-16 07:12:18,0
2013-07-16 07:14:50,0
2013-07-16 07:17:17,0
2013-07-16 07:17:21,0
2013-07-16 07:18:18,0
2013-07-16 07:22:17,0
2013-07-16 07:25:29,0
2013-07-16 07:26:32,0
2013-07-16 07:26:32,0
2013-07-16 07:27:35,0
2013-07-16 07:32:05,0
2013-07-16 07:33:25,0
2013-07-16 07:34:54,0
2013-07-16 07:35:06,0
2013-07-16 07:36:24,0
2013-07-16 07:38:02,0
2013-07-16 07:39:27,0
2013-07-16 07:40:48,0
0,2013-07-16 08:09:40
0,2013-07-16 09:00:05
0,2013-07-16 08:37:14
0,2013-07-16 08:47:58
0,2013-07-16 08:47:06
2013-07-16 08:37:20,0
0,2013-07-16 09:00:23
2013-07-16 08:47:19,0
0,2013-07-16 08:56:13
0,2013-07-16 08:57:24
2013-07-16 08:53:38,0
0,2013-07-16 09:01:40
2013-07-16 08:56:31,0
2013-07-16 08:57:50,0
2013-07-16 09:00:17,0
2013-07-16 09:00:21,0
2013-07-16 09:00:33,0
0,2013-07-16 09:26:02
2013-07-16 09:21:16,0
2013-07-16 09:26:28,0
0,2013-07-16 09:44:01
0,2013-07-16 09:40:01
2013-07-16 09:35:40,0
0,2013-07-16 09:58:47
0,2013-07-16 09:44:50
0,2013-07-16 10:10:09
0,2013-07-16 09:49:48
2013-07-16 09:42:39,0
2013-07-16 09:44:29,0
2013-07-16 09:47:02,0
0,2013-07-16 09:52:15
2013-07-16 09:50:44,0
2013-07-16 09:52:34,0
0,2013-07-16 10:03:38
0,2013-07-16 10:24:40
0,2013-07-16 10:13:29
2013-07-16 10:00:07,0
2013-07-16 10:03:49,0
2013-07-16 10:09:39,0
2013-07-16 10:11:11,0
0,2013-07-16 10:23:43
0,2013-07-16 10:23:41
2013-07-16 10:24:34,0
2013-07-16 10:29:35,0
2013-07-16 10:31:19,0
0,2013-07-16 10:50:44
0,2013-07-16 10:52:51
2013-07-16 10:50:56,0
0,2013-07-16 11:19:04
2013-07-16 10:53:48,0
2013-07-16 11:14:57,0
2013-07-16 11:20:13,0
0,2013-07-16 11:30:22
0,2013-07-16 11:40:37
0,2013-07-16 11:44:05
0,2013-07-16 11:48:59
2013-07-16 11:48:47,0
2013-07-16 11:49:20,0
2013-07-16 11:59:58,0
0,2013-07-16 12:30:36
2013-07-16 12:20:15,0
0,2013-07-16 12:49:45
2013-07-16 12:31:34,0
0,2013-07-16 12:49:59
0,2013-07-16 12:56:43
0,2013-07-16 13:08:06
2013-07-16 12:49:26,0
2013-07-16 12:50:19,0
0,2013-07-16 13:12:42
0,2013-07-16 13:13:08
0,2013-07-16 13:03:35
0,2013-07-16 13:23:28
2013-07-16 13:03:00,0
2013-07-16 13:03:10,0
2013-07-16 13:06:57,0
2013-07-16 13:09:30,0
2013-07-16 13:12:51,0
2013-07-16 13:13:15,0
0,2013-07-16 13:49:02
2013-07-16 13:41:33,0
2013-07-16 14:00:38,0
0,2013-07-16 14:03:18
2013-07-16 14:04:47,0
0,2013-07-16 14:24:16
0,2013-07-16 14:31:35
0,2013-07-16 14:39:44
0,2013-07-16 14:41:53
2013-07-16 14:29:26,0
0,2013-07-16 14:40:24
2013-07-16 14:40:35,0
2013-07-16 14:42:18,0
2013-07-16 14:44:20,0
0,2013-07-16 14:55:06
0,2013-07-16 15:07:46
0,2013-07-16 15:45:02
0,2013-07-16 15:15:45
0,2013-07-16 15:19:59
2013-07-16 15:13:12,0
2013-07-16 15:14:26,0
2013-07-16 15:16:05,0
0,2013-07-16 15:44:04
0,2013-07-16 19:30:28
2013-07-16 15:28:03,0
0,2013-07-16 15:41:17
0,2013-07-16 15:39:27
0,2013-07-16 15:47:16
0,2013-07-16 15:51:50
0,2013-07-16 15:48:17
0,2013-07-16 15:50:48
0,2013-07-16 15:56:06
0,2013-07-16 15:56:18
2013-07-16 15:47:47,0
2013-07-16 15:54:02,0
2013-07-16 15:59:02,0
2013-07-16 16:01:25,0
0,2013-07-16 16:14:15
0,2013-07-16 16:15:43
2013-07-16 16:07:12,0
2013-07-16 16:07:33,0
2013-07-16 16:13:02,0
2013-07-16 16:14:46,0
0,2013-07-16 16:25:32
0,2013-07-16 16:29:59
2013-07-16 16:23:17,0
0,2013-07-16 16:30:46
2013-07-16 16:26:34,0
0,2013-07-16 16:31:59
2013-07-16 16:28:56,0
2013-07-16 16:31:39,0
0,2013-07-16 16:45:53
0,2013-07-16 16:46:42
2013-07-16 16:41:16,0
2013-07-16 16:44:23,0
0,2013-07-16 16:59:38
0,2013-07-16 17:06:17
0,2013-07-16 17:01:22
0,2013-07-16 16:59:03
0,2013-07-16 17:19:08
0,2013-07-16 16:57:22
0,2013-07-16 17:05:08
0,2013-07-16 17:08:05
2013-07-16 16:55:53,0
0,2013-07-16 17:49:07
0,2013-07-16 17:18:02
0,2013-07-16 17:10:47
0,2013-07-16 17:17:50
0,2013-07-16 17:11:54
0,2013-07-16 17:18:56
0,2013-07-16 17:27:08
2013-07-16 17:10:22,0
0,2013-07-16 17:19:18
0,2013-07-16 17:28:32
0,2013-07-16 17:21:35
2013-07-16 17:13:51,0
0,2013-07-16 17:22:16
2013-07-16 17:15:03,0
0,2013-07-16 17:35:59
0,2013-07-16 17:28:42
2013-07-16 17:16:41,0
0,2013-07-16 17:26:15
0,2013-07-16 17:31:27
0,2013-07-16 17:24:26
0,2013-07-16 17:32:08
0,2013-07-16 17:34:20
0,2013-07-16 17:50:02
2013-07-16 17:20:32,0
2013-07-16 17:22:03,0
0,2013-07-16 17:37:55
0,2013-07-16 17:26:44
2013-07-16 17:24:52,0
0,2013-07-16 17:37:17
0,2013-07-16 17:42:33
0,2013-07-16 17:44:51
0,2013-07-16 17:40:44
0,2013-07-16 17:40:27
0,2013-07-16 17:41:38
0,2013-07-16 17:46:42
2013-07-16 17:29:44,0
2013-07-16 17:29:50,0
0,2013-07-16 17:53:02
0,2013-07-16 17:47:49
0,2013-07-16 17:44:23
2013-07-16 17:34:52,0
0,2013-07-16 17:46:14
0,2013-07-16 17:56:21
2013-07-16 17:36:27,0
2013-07-16 17:37:09,0
2013-07-16 17:39:28,0
2013-07-16 17:44:40,0
2013-07-16 17:45:39,0
2013-07-16 17:46:52,0
2013-07-16 17:47:21,0
2013-07-16 17:47:38,0
0,2013-07-16 18:00:21
2013-07-16 17:48:42,0
2013-07-16 17:49:36,0
2013-07-16 17:51:05,0
0,2013-07-16 18:06:13
0,2013-07-16 17:56:36
2013-07-16 17:53:27,0
2013-07-16 17:55:44,0
2013-07-16 17:55:58,0
2013-07-16 17:57:30,0
2013-07-16 18:03:23,0
2013-07-16 18:19:59,0
0,2013-07-16 18:31:31
0,2013-07-16 18:47:47
0,2013-07-16 18:37:34
0,2013-07-16 18:47:17
2013-07-16 18:26:24,0
0,2013-07-16 18:42:27
2013-07-16 18:30:57,0
0,2013-07-16 18:42:51
2013-07-16 18:34:48,0
0,2013-07-16 18:46:18
2013-07-16 18:36:02,0
0,2013-07-16 18:49:25
0,2013-07-16 18:52:01
2013-07-16 18:39:47,0
2013-07-16 18:39:51,0
2013-07-16 18:39:51,0
0,2013-07-16 18:41:14
2013-07-16 18:41:33,0
0,2013-07-16 18:52:55
2013-07-16 18:42:26,0
0,2013-07-16 18:58:40
2013-07-16 18:46:52,0
2013-07-16 18:47:11,0
2013-07-16 18:48:40,0
2013-07-16 18:53:42,0
0,2013-07-16 19:29:04
2013-07-16 18:59:02,0
0,2013-07-16 19:10:28
0,2013-07-16 19:07:10
0,2013-07-16 19:14:16
0,2013-07-16 19:11:16
0,2013-07-16 19:17:13
2013-07-16 19:10:08,0
0,2013-07-16 19:19:59
2013-07-16 19:13:11,0
2013-07-16 19:13:38,0
0,2013-07-16 19:22:08
2013-07-16 19:16:04,0
2013-07-16 19:16:40,0
2013-07-16 19:17:50,0
2013-07-16 19:19:22,0
2013-07-16 19:21:39,0
0,2013-07-16 19:28:05
0,2013-07-16 19:52:47
2013-07-16 19:23:29,0
0,2013-07-16 19:37:25
2013-07-16 19:26:13,0
2013-07-16 19:28:12,0
0,2013-07-16 19:52:48
0,2013-07-16 19:52:48
0,2013-07-16 19:36:07
2013-07-16 19:31:35,0
2013-07-16 19:31:51,0
2013-07-16 19:32:22,0
2013-07-16 19:33:23,0
2013-07-16 19:33:41,0
0,2013-07-16 19:45:04
2013-07-16 19:38:19,0
2013-07-16 19:40:47,0
2013-07-16 19:43:22,0
2013-07-16 19:50:39,0
0,2013-07-16 20:02:14
0,2013-07-16 20:00:31
2013-07-16 19:54:45,0
2013-07-16 20:03:04,0
0,2013-07-16 20:26:56
0,2013-07-16 20:26:06
0,2013-07-16 20:40:53
2013-07-16 20:18:56,0
2013-07-16 20:18:56,0
2013-07-16 20:19:09,0
2013-07-16 20:20:04,0
0,2013-07-16 20:28:19
0,2013-07-16 20:32:47
2013-07-16 20:22:45,0
2013-07-16 20:23:31,0
2013-07-16 20:25:11,0
0,2013-07-16 20:29:37
2013-07-16 20:30:08,0
0,2013-07-16 20:54:13
0,2013-07-16 21:03:37
2013-07-16 20:39:59,0
2013-07-16 20:44:23,0
0,2013-07-16 21:14:34
0,2013-07-16 20:53:00
0,2013-07-16 20:53:41
2013-07-16 20:48:47,0
0,2013-07-16 21:03:28
0,2013-07-16 21:03:51
2013-07-16 20:57:44,0
2013-07-16 20:59:46,0
2013-07-16 21:02:52,0
2013-07-16 21:03:42,0
2013-07-16 21:07:06,0
2013-07-16 21:09:00,0
2013-07-16 21:14:50,0
0,2013-07-16 21:21:53
0,2013-07-16 21:38:15
0,2013-07-16 21:40:02
2013-07-16 21:32:03,0
2013-07-16 21:34:35,0
2013-07-16 21:38:30,0
2013-07-16 21:40:27,0
0,2013-07-16 22:11:44
2013-07-16 21:48:44,0
0,2013-07-16 21:57:20
2013-07-16 21:50:23,0
2013-07-16 21:57:11,0
2013-07-16 21:57:28,0
0,2013-07-16 22:05:48
2013-07-16 21:58:48,0
2013-07-16 21:59:03,0
2013-07-16 22:14:25,0
0,2013-07-16 22:20:35
2013-07-16 22:17:40,0
2013-07-16 22:17:48,0
2013-07-16 22:21:47,0
0,2013-07-16 22:32:52
0,2013-07-16 22:54:40
2013-07-16 22:46:44,0
0,2013-07-16 23:05:08
0,2013-07-16 23:23:41
0,2013-07-16 23:15:49
0,2013-07-17 00:39:17
0,2013-07-16 23:20:44
0,2013-07-16 23:34:31
0,2013-07-17 00:09:15
2013-07-16 23:47:11,0
0,2013-07-17 00:05:50
0,2013-07-17 00:02:13
0,2013-07-17 00:11:17
2013-07-17 00:02:38,0
0,2013-07-17 00:34:11
2013-07-17 00:24:50,0
0,2013-07-17 00:33:50
2013-07-17 00:31:34,0
0,2013-07-17 00:43:04
2013-07-17 00:41:44,0
2013-07-17 00:43:26,0
2013-07-17 00:44:09,0
0,2013-07-17 01:09:31
0,2013-07-17 01:21:46
0,2013-07-17 01:39:57
0,2013-07-17 01:43:18
0,2013-07-17 02:16:36
0,2013-07-17 02:42:58
0,2013-07-17 03:43:27
0,2013-07-17 03:51:45
0,2013-07-17 05:17:25
2013-07-17 05:28:23,0
0,2013-07-17 06:03:19
2013-07-17 06:08:49,0
0,2013-07-17 06:17:08
2013-07-17 06:15:52,0
2013-07-17 06:16:26,0
2013-07-17 06:18:11,0
2013-07-17 06:33:45,0
2013-07-17 06:36:21,0
2013-07-17 06:43:19,0
2013-07-17 06:48:04,0
2013-07-17 06:49:30,0
2013-07-17 06:51:26,0
2013-07-17 06:55:12,0
2013-07-17 06:56:18,0
2013-07-17 06:56:27,0
2013-07-17 06:58:49,0
2013-07-17 06:59:16,0
2013-07-17 07:00:59,0
0,2013-07-17 07:11:57
0,2013-07-17 07:07:48
2013-07-17 07:04:56,0
2013-07-17 07:07:59,0
2013-07-17 07:09:32,0
2013-07-17 07:09:42,0
2013-07-17 07:11:43,0
0,2013-07-17 07:21:56
2013-07-17 07:12:10,0
2013-07-17 07:13:46,0
2013-07-17 07:14:37,0
2013-07-17 07:14:56,0
2013-07-17 07:18:49,0
0,2013-07-17 08:12:15
0,2013-07-17 08:10:50
2013-07-17 08:11:38,0
0,2013-07-17 08:38:23
0,2013-07-17 08:31:45
0,2013-07-17 08:35:53
2013-07-17 08:33:01,0
2013-07-17 08:34:06,0
0,2013-07-17 08:41:22
2013-07-17 08:36:45,0
0,2013-07-17 08:51:03
2013-07-17 08:41:26,0
2013-07-17 08:41:28,0
0,2013-07-17 08:55:43
2013-07-17 08:55:50,0
0,2013-07-17 09:29:36
0,2013-07-17 09:02:39
0,2013-07-17 09:09:50
0,2013-07-17 09:26:01
2013-07-17 09:07:07,0
2013-07-17 09:07:55,0
0,2013-07-17 09:17:16
0,2013-07-17 09:17:41
0,2013-07-17 09:22:32
0,2013-07-17 09:51:37
2013-07-17 09:26:03,0
0,2013-07-17 09:39:31
2013-07-17 09:37:48,0
2013-07-17 09:40:30,0
0,2013-07-17 09:54:48
0,2013-07-17 10:21:11
0,2013-07-17 09:50:55
0,2013-07-17 09:57:12
0,2013-07-17 10:36:16
0,2013-07-17 09:52:49
2013-07-17 09:51:23,0
2013-07-17 09:52:05,0
0,2013-07-17 10:01:50
2013-07-17 09:53:14,0
2013-07-17 09:55:13,0
0,2013-07-17 10:06:36
0,2013-07-17 10:12:38
2013-07-17 10:01:55,0
0,2013-07-17 10:10:40
2013-07-17 10:07:01,0
2013-07-17 10:12:59,0
2013-07-17 10:23:11,0
2013-07-17 10:25:05,0
0,2013-07-17 10:54:41
2013-07-17 10:35:49,0
0,2013-07-17 10:45:27
0,2013-07-17 10:59:34
2013-07-17 10:39:42,0
0,2013-07-17 11:04:18
2013-07-17 10:51:37,0
0,2013-07-17 11:23:17
2013-07-17 11:19:46,0
2013-07-17 11:29:50,0
2013-07-17 11:32:17,0
0,2013-07-17 11:37:24
0,2013-07-17 11:49:41
2013-07-17 11:36:35,0
0,2013-07-17 12:06:15
2013-07-17 11:45:34,0
0,2013-07-17 12:29:19
2013-07-17 12:00:28,0
0,2013-07-17 12:16:43
2013-07-17 12:09:37,0
2013-07-17 12:09:49,0
0,2013-07-17 12:16:29
2013-07-17 12:16:41,0
0,2013-07-17 12:23:36
2013-07-17 12:17:11,0
0,2013-07-17 12:49:00
2013-07-17 12:25:54,0
2013-07-17 12:28:39,0
0,2013-07-17 12:58:54
0,2013-07-17 12:58:24
2013-07-17 12:50:20,0
0,2013-07-17 13:08:35
2013-07-17 12:58:36,0
2013-07-17 13:02:08,0
2013-07-17 13:02:45,0
2013-07-17 13:04:04,0
2013-07-17 13:08:52,0
0,2013-07-17 14:01:06
0,2013-07-17 13:21:46
0,2013-07-17 13:27:12
0,2013-07-17 13:54:53
2013-07-17 13:41:02,0
2013-07-17 13:45:55,0
2013-07-17 13:50:22,0
2013-07-17 13:56:31,0
0,2013-07-17 14:13:27
0,2013-07-17 14:35:30
0,2013-07-17 14:22:31
0,2013-07-17 14:28:18
0,2013-07-17 14:34:16
2013-07-17 14:37:26,0
2013-07-17 14:38:10,0
2013-07-17 14:54:59,0
0,2013-07-17 15:05:59
2013-07-17 15:04:23,0
2013-07-17 15:07:05,0
0,2013-07-17 15:26:23
2013-07-17 15:17:24,0
0,2013-07-17 15:31:13
2013-07-17 15:37:44,0
2013-07-17 15:38:10,0
2013-07-17 15:38:31,0
0,2013-07-17 15:43:38
0,2013-07-17 15:48:28
0,2013-07-17 16:04:25
2013-07-17 16:04:38,0
0,2013-07-17 16:21:25
0,2013-07-17 16:34:33
0,2013-07-17 16:40:32
0,2013-07-17 16:56:26
0,2013-07-17 16:55:55
0,2013-07-17 16:51:45
0,2013-07-17 16:53:10
0,2013-07-17 16:59:52
2013-07-17 16:46:25,0
0,2013-07-17 17:15:41
0,2013-07-17 17:08:30
0,2013-07-17 17:06:24
0,2013-07-17 17:13:05
2013-07-17 17:01:29,0
0,2013-07-17 17:12:15
0,2013-07-17 17:25:21
2013-07-17 17:05:53,0
2013-07-17 17:06:13,0
2013-07-17 17:07:07,0
2013-07-17 17:07:49,0
0,2013-07-17 17:25:49
0,2013-07-17 17:38:37
0,2013-07-17 17:20:32
2013-07-17 17:15:45,0
2013-07-17 17:15:55,0
0,2013-07-17 17:25:35
0,2013-07-17 17:20:32
0,2013-07-17 17:52:35
0,2013-07-17 17:27:39
0,2013-07-17 17:36:22
2013-07-17 17:21:45,0
0,2013-07-17 17:31:00
2013-07-17 17:22:52,0
0,2013-07-17 17:36:29
0,2013-07-17 17:34:47
0,2013-07-17 17:34:56
2013-07-17 17:27:06,0
2013-07-17 17:27:08,0
0,2013-07-17 17:38:04
0,2013-07-17 17:45:53
2013-07-17 17:32:23,0
0,2013-07-17 17:46:26
0,2013-07-17 17:44:47
0,2013-07-17 17:51:04
0,2013-07-17 17:45:26
2013-07-17 17:38:38,0
0,2013-07-17 17:49:49
2013-07-17 17:41:14,0
2013-07-17 17:41:47,0
0,2013-07-17 18:09:44
2013-07-17 17:48:12,0
2013-07-17 17:49:07,0
0,2013-07-17 18:29:53
0,2013-07-17 17:52:56
2013-07-17 17:51:35,0
0,2013-07-17 18:17:32
0,2013-07-17 18:14:10
0,2013-07-17 18:14:57
0,2013-07-17 18:16:23
0,2013-07-17 18:10:42
2013-07-17 17:57:52,0
0,2013-07-17 18:02:38
0,2013-07-17 18:13:52
2013-07-17 18:03:32,0
0,2013-07-17 18:20:04
2013-07-17 18:05:46,0
2013-07-17 18:06:01,0
2013-07-17 18:08:54,0
0,2013-07-17 18:36:22
2013-07-17 18:09:34,0
2013-07-17 18:10:30,0
2013-07-17 18:12:22,0
2013-07-17 18:13:20,0
0,2013-07-17 18:46:26
0,2013-07-17 18:19:14
0,2013-07-17 18:30:23
2013-07-17 18:16:10,0
2013-07-17 18:18:16,0
0,2013-07-17 18:28:22
0,2013-07-17 18:25:38
2013-07-17 18:21:02,0
2013-07-17 18:21:09,0
0,2013-07-17 18:37:09
2013-07-17 18:22:19,0
0,2013-07-17 18:32:16
0,2013-07-17 18:40:31
0,2013-07-17 18:37:41
0,2013-07-17 18:37:36
2013-07-17 18:30:59,0
2013-07-17 18:33:58,0
2013-07-17 18:34:36,0
0,2013-07-17 18:58:56
2013-07-17 18:34:47,0
0,2013-07-17 18:41:59
0,2013-07-17 18:47:39
2013-07-17 18:38:05,0
0,2013-07-17 18:44:21
2013-07-17 18:39:42,0
2013-07-17 18:41:40,0
2013-07-17 18:42:19,0
2013-07-17 18:42:25,0
2013-07-17 18:44:41,0
2013-07-17 18:44:44,0
0,2013-07-17 18:49:48
0,2013-07-17 18:58:38
2013-07-17 18:47:46,0
2013-07-17 18:49:05,0
2013-07-17 18:49:47,0
2013-07-17 18:50:51,0
0,2013-07-17 19:22:22
0,2013-07-17 19:05:40
2013-07-17 18:55:11,0
0,2013-07-17 19:10:48
2013-07-17 18:58:50,0
2013-07-17 18:59:03,0
0,2013-07-17 19:09:21
0,2013-07-17 19:12:59
0,2013-07-17 19:23:41
2013-07-17 19:10:55,0
2013-07-17 19:12:06,0
2013-07-17 19:13:39,0
2013-07-17 19:15:39,0
0,2013-07-17 19:23:54
2013-07-17 19:16:47,0
0,2013-07-17 19:41:35
0,2013-07-17 19:41:43
0,2013-07-17 19:20:49
0,2013-07-17 19:49:45
2013-07-17 19:19:48,0
0,2013-07-17 19:36:57
2013-07-17 19:32:42,0
0,2013-07-17 19:46:19
2013-07-17 19:35:38,0
0,2013-07-17 19:42:32
2013-07-17 19:39:07,0
2013-07-17 19:39:09,0
0,2013-07-17 19:53:41
2013-07-17 19:43:03,0
0,2013-07-17 19:48:58
0,2013-07-17 20:10:21
2013-07-17 19:45:58,0
2013-07-17 19:47:36,0
2013-07-17 19:49:31,0
2013-07-17 19:49:43,0
2013-07-17 19:50:21,0
0,2013-07-17 19:52:14
0,2013-07-17 20:05:45
2013-07-17 19:50:53,0
2013-07-17 19:51:40,0
2013-07-17 19:56:02,0
0,2013-07-17 20:10:04
2013-07-17 20:04:31,0
2013-07-17 20:10:28,0
2013-07-17 20:10:29,0
2013-07-17 20:10:35,0
2013-07-17 20:16:01,0
2013-07-17 20:25:01,0
0,2013-07-17 20:35:25
0,2013-07-17 20:33:45
2013-07-17 20:31:04,0
0,2013-07-17 20:38:25
0,2013-07-17 20:59:37
0,2013-07-17 20:42:40
2013-07-17 20:40:39,0
2013-07-17 20:41:03,0
0,2013-07-17 20:55:33
0,2013-07-17 21:02:39
0,2013-07-17 20:56:32
0,2013-07-17 21:07:04
0,2013-07-17 21:17:21
0,2013-07-17 21:36:26
2013-07-17 21:10:16,0
0,2013-07-17 21:35:33
2013-07-17 21:19:12,0
0,2013-07-17 21:36:43
0,2013-07-17 21:50:48
2013-07-17 21:35:08,0
2013-07-17 21:39:19,0
0,2013-07-17 21:58:30
0,2013-07-17 21:52:43
2013-07-17 21:49:04,0
2013-07-17 21:49:46,0
2013-07-17 21:50:04,0
0,2013-07-17 22:03:24
2013-07-17 21:52:34,0
2013-07-17 21:54:03,0
2013-07-17 21:57:26,0
0,2013-07-17 22:24:54
0,2013-07-17 22:19:53
0,2013-07-17 22:25:47
0,2013-07-17 22:14:21
2013-07-17 22:13:14,0
2013-07-17 22:32:03,0
0,2013-07-17 23:11:52
2013-07-17 23:08:57,0
2013-07-17 23:23:28,0
0,2013-07-17 23:44:23
0,2013-07-18 00:05:46
2013-07-17 23:45:44,0
2013-07-17 23:50:47,0
0,2013-07-17 23:57:11
0,2013-07-18 00:11:05
0,2013-07-18 00:22:00
2013-07-18 01:04:00,0
2013-07-18 01:06:03,0
0,2013-07-18 02:22:59
0,2013-07-18 04:45:34
0,2013-07-18 04:45:25
0,2013-07-18 05:01:28
2013-07-18 05:35:59,0
0,2013-07-18 06:01:54
2013-07-18 06:04:03,0
0,2013-07-18 06:33:20
2013-07-18 06:13:09,0
2013-07-18 06:17:47,0
2013-07-18 06:26:24,0
2013-07-18 06:34:26,0
2013-07-18 06:35:10,0
2013-07-18 06:35:13,0
2013-07-18 06:40:50,0
2013-07-18 06:42:13,0
2013-07-18 06:42:27,0
2013-07-18 06:43:11,0
2013-07-18 06:43:46,0
2013-07-18 06:49:23,0
2013-07-18 06:50:20,0
2013-07-18 06:52:10,0
2013-07-18 06:54:08,0
2013-07-18 06:57:23,0
0,2013-07-18 07:04:00
0,2013-07-18 07:24:23
2013-07-18 06:59:56,0
2013-07-18 07:08:37,0
2013-07-18 07:13:14,0
0,2013-07-18 07:40:35
2013-07-18 07:26:13,0
0,2013-07-18 08:03:21
0,2013-07-18 08:03:10
0,2013-07-18 08:59:31
2013-07-18 08:06:41,0
2013-07-18 08:07:28,0
0,2013-07-18 08:51:46
2013-07-18 08:17:00,0
0,2013-07-18 08:59:26
0,2013-07-18 08:35:04
0,2013-07-18 08:45:23
0,2013-07-18 08:42:36
2013-07-18 08:35:09,0
2013-07-18 08:35:43,0
2013-07-18 08:41:33,0
2013-07-18 08:42:44,0
2013-07-18 08:52:00,0
2013-07-18 09:07:01,0
2013-07-18 09:09:42,0
0,2013-07-18 09:27:00
0,2013-07-18 09:24:55
0,2013-07-18 09:27:23
0,2013-07-18 09:28:09
2013-07-18 09:25:07,0
2013-07-18 09:27:00,0
2013-07-18 09:27:13,0
2013-07-18 09:35:10,0
0,2013-07-18 09:44:22
0,2013-07-18 09:53:39
0,2013-07-18 10:01:24
0,2013-07-18 10:11:50
0,2013-07-18 10:09:46
0,2013-07-18 10:17:25
0,2013-07-18 10:38:59
2013-07-18 10:13:48,0
2013-07-18 10:21:33,0
0,2013-07-18 10:41:45
2013-07-18 10:30:17,0
2013-07-18 10:30:23,0
2013-07-18 10:31:36,0
2013-07-18 10:39:44,0
2013-07-18 10:45:04,0
0,2013-07-18 11:42:25
0,2013-07-18 11:46:52
0,2013-07-18 11:52:03
2013-07-18 11:44:50,0
2013-07-18 11:51:56,0
2013-07-18 11:55:21,0
0,2013-07-18 12:02:23
0,2013-07-18 17:34:55
0,2013-07-18 12:13:54
2013-07-18 12:24:07,0
2013-07-18 12:27:41,0
0,2013-07-18 12:40:24
0,2013-07-18 12:50:02
2013-07-18 12:44:57,0
2013-07-18 12:51:34,0
0,2013-07-18 13:24:03
0,2013-07-18 13:15:22
2013-07-18 13:13:57,0
2013-07-18 13:17:56,0
0,2013-07-18 13:31:53
2013-07-18 13:24:10,0
2013-07-18 13:39:41,0
0,2013-07-18 14:36:00
0,2013-07-18 14:46:56
0,2013-07-18 14:46:22
0,2013-07-18 14:59:18
0,2013-07-18 15:14:37
2013-07-18 15:03:16,0
0,2013-07-18 15:19:24
2013-07-18 15:08:57,0
0,2013-07-18 15:20:43
0,2013-07-18 15:21:02
0,2013-07-18 15:46:01
2013-07-18 15:17:40,0
2013-07-18 15:17:46,0
0,2013-07-18 15:40:16
0,2013-07-18 15:30:12
2013-07-18 15:21:56,0
0,2013-07-18 15:34:56
2013-07-18 15:28:22,0
2013-07-18 15:28:56,0
2013-07-18 15:32:37,0
0,2013-07-18 15:59:21
0,2013-07-18 16:07:01
0,2013-07-18 15:44:04
2013-07-18 15:35:52,0
0,2013-07-18 15:45:13
2013-07-18 15:42:05,0
2013-07-18 15:42:23,0
2013-07-18 15:47:14,0
0,2013-07-18 15:55:24
2013-07-18 15:56:23,0
2013-07-18 16:03:52,0
0,2013-07-18 16:15:31
0,2013-07-18 16:42:10
0,2013-07-18 16:15:41
0,2013-07-18 16:23:18
2013-07-18 16:17:55,0
2013-07-18 16:18:15,0
0,2013-07-18 16:27:27
2013-07-18 16:23:24,0
2013-07-18 16:24:45,0
0,2013-07-18 17:08:13
0,2013-07-18 16:36:14
0,2013-07-18 16:44:03
0,2013-07-18 17:07:14
2013-07-18 16:42:17,0
0,2013-07-18 16:59:22
2013-07-18 16:46:42,0
0,2013-07-18 16:55:30
0,2013-07-18 16:51:26
0,2013-07-18 17:06:10
0,2013-07-18 16:57:07
0,2013-07-18 17:13:28
0,2013-07-18 17:00:35
0,2013-07-18 17:18:05
0,2013-07-18 17:20:16
0,2013-07-18 17:08:52
2013-07-18 17:01:20,0
0,2013-07-18 17:14:16
0,2013-07-18 17:14:35
0,2013-07-18 17:18:50
0,2013-07-18 17:22:15
2013-07-18 17:16:12,0
2013-07-18 17:17:52,0
0,2013-07-18 17:32:14
0,2013-07-18 17:36:42
0,2013-07-18 17:36:26
0,2013-07-18 17:44:24
0,2013-07-18 17:37:26
2013-07-18 17:27:30,0
2013-07-18 17:28:14,0
0,2013-07-18 17:46:26
2013-07-18 17:28:25,0
2013-07-18 17:28:36,0
2013-07-18 17:29:15,0
2013-07-18 17:29:25,0
0,2013-07-18 17:51:20
0,2013-07-18 17:46:33
0,2013-07-18 17:53:49
2013-07-18 17:38:04,0
0,2013-07-18 18:02:39
2013-07-18 17:41:53,0
2013-07-18 17:43:23,0
2013-07-18 17:43:40,0
2013-07-18 17:44:16,0
2013-07-18 17:44:35,0
2013-07-18 17:44:54,0
0,2013-07-18 17:59:17
0,2013-07-18 17:54:16
2013-07-18 17:50:12,0
0,2013-07-18 17:57:51
0,2013-07-18 18:11:00
2013-07-18 17:55:25,0
0,2013-07-18 18:02:02
0,2013-07-18 18:01:37
0,2013-07-18 18:11:01
0,2013-07-18 18:12:09
2013-07-18 17:59:14,0
0,2013-07-18 18:13:55
0,2013-07-18 18:38:27
0,2013-07-18 18:13:45
2013-07-18 18:02:50,0
2013-07-18 18:04:53,0
0,2013-07-18 18:24:16
0,2013-07-18 18:16:28
2013-07-18 18:06:34,0
2013-07-18 18:06:38,0
2013-07-18 18:06:39,0
0,2013-07-18 18:42:21
0,2013-07-18 18:18:36
0,2013-07-18 18:21:45
0,2013-07-18 18:25:17
0,2013-07-18 18:16:03
2013-07-18 18:13:44,0
2013-07-18 18:15:47,0
0,2013-07-18 18:27:00
2013-07-18 18:17:27,0
0,2013-07-18 18:36:41
2013-07-18 18:21:43,0
0,2013-07-18 18:36:14
0,2013-07-18 18:36:32
0,2013-07-18 18:36:31
0,2013-07-18 18:56:13
2013-07-18 18:27:26,0
2013-07-18 18:28:30,0
0,2013-07-18 18:43:29
0,2013-07-18 18:43:22
0,2013-07-18 18:42:05
0,2013-07-18 18:48:43
0,2013-07-18 18:44:00
2013-07-18 18:32:27,0
0,2013-07-18 18:41:59
2013-07-18 18:32:54,0
2013-07-18 18:33:45,0
0,2013-07-18 18:41:57
2013-07-18 18:35:35,0
2013-07-18 18:35:42,0
0,2013-07-18 18:57:20
0,2013-07-18 19:04:57
0,2013-07-18 18:50:54
0,2013-07-18 18:54:55
0,2013-07-18 19:06:14
0,2013-07-18 19:01:12
0,2013-07-18 18:56:01
0,2013-07-18 19:01:52
2013-07-18 18:55:22,0
2013-07-18 18:55:24,0
2013-07-18 19:00:55,0
2013-07-18 19:03:53,0
2013-07-18 19:04:06,0
2013-07-18 19:04:08,0
0,2013-07-18 19:17:09
2013-07-18 19:13:05,0
0,2013-07-18 19:48:26
2013-07-18 19:15:26,0
2013-07-18 19:15:41,0
0,2013-07-18 19:22:44
0,2013-07-18 19:34:25
2013-07-18 19:28:40,0
2013-07-18 19:32:12,0
2013-07-18 19:33:00,0
2013-07-18 19:39:26,0
0,2013-07-18 19:47:53
2013-07-18 19:39:54,0
2013-07-18 19:40:27,0
2013-07-18 19:40:52,0
0,2013-07-18 19:49:31
0,2013-07-18 19:52:10
0,2013-07-18 19:49:52
2013-07-18 19:45:29,0
0,2013-07-18 19:54:10
2013-07-18 19:47:30,0
2013-07-18 19:48:29,0
2013-07-18 19:48:41,0
2013-07-18 19:52:18,0
2013-07-18 19:52:41,0
2013-07-18 19:52:52,0
0,2013-07-18 20:00:18
2013-07-18 19:54:43,0
0,2013-07-18 20:01:36
2013-07-18 19:58:44,0
0,2013-07-18 20:04:09
0,2013-07-18 20:07:40
2013-07-18 20:04:50,0
2013-07-18 20:05:56,0
0,2013-07-18 20:23:24
0,2013-07-18 20:36:43
0,2013-07-18 20:38:40
2013-07-18 20:41:00,0
0,2013-07-18 20:49:33
0,2013-07-18 20:55:41
2013-07-18 20:51:10,0
0,2013-07-18 21:00:45
2013-07-18 20:54:16,0
2013-07-18 20:55:56,0
0,2013-07-18 20:57:40
2013-07-18 21:01:36,0
2013-07-18 21:02:31,0
0,2013-07-18 21:15:25
2013-07-18 21:38:45,0
0,2013-07-18 21:53:15
2013-07-18 21:43:20,0
2013-07-18 21:43:45,0
2013-07-18 22:01:14,0
0,2013-07-18 22:28:06
0,2013-07-18 22:20:35
0,2013-07-18 22:19:43
2013-07-18 22:23:39,0
0,2013-07-18 22:28:00
2013-07-18 22:26:32,0
2013-07-18 22:36:26,0
0,2013-07-18 22:52:25
0,2013-07-18 23:15:22
0,2013-07-18 23:12:02
0,2013-07-18 23:08:24
0,2013-07-18 23:07:05
0,2013-07-18 23:43:05
0,2013-07-18 23:37:57
0,2013-07-19 00:09:38
0,2013-07-19 00:00:57
2013-07-19 00:00:34,0
0,2013-07-19 00:36:59
2013-07-19 00:46:15,0
0,2013-07-19 01:21:26
0,2013-07-19 03:27:45
0,2013-07-19 05:30:01
2013-07-19 05:35:58,0
2013-07-19 05:49:59,0
2013-07-19 06:16:52,0
0,2013-07-19 06:26:01
2013-07-19 06:28:01,0
2013-07-19 06:30:37,0
2013-07-19 06:35:17,0
2013-07-19 06:44:30,0
2013-07-19 06:49:11,0
2013-07-19 06:49:35,0
2013-07-19 06:52:41,0
2013-07-19 06:52:56,0
2013-07-19 06:53:40,0
2013-07-19 06:54:03,0
2013-07-19 07:00:40,0
0,2013-07-19 07:26:02
0,2013-07-19 07:27:27
2013-07-19 07:28:22,0
2013-07-19 07:31:39,0
0,2013-07-19 08:15:40
0,2013-07-19 08:31:58
0,2013-07-19 08:25:16
0,2013-07-19 08:37:29
2013-07-19 08:24:43,0
2013-07-19 08:26:55,0
0,2013-07-19 08:41:28
2013-07-19 08:32:14,0
2013-07-19 08:38:12,0
2013-07-19 08:40:19,0
2013-07-19 08:44:19,0
0,2013-07-19 08:58:52
0,2013-07-19 09:08:21
2013-07-19 08:58:57,0
0,2013-07-19 09:23:57
0,2013-07-19 09:13:49
2013-07-19 09:09:59,0
2013-07-19 09:17:29,0
0,2013-07-19 09:43:37
0,2013-07-19 09:24:04
2013-07-19 09:24:22,0
2013-07-19 09:29:32,0
0,2013-07-19 09:37:51
2013-07-19 09:35:11,0
0,2013-07-19 09:41:41
0,2013-07-19 09:54:10
0,2013-07-19 09:47:06
2013-07-19 09:45:22,0
2013-07-19 09:48:46,0
0,2013-07-19 10:07:08
0,2013-07-19 10:08:53
0,2013-07-19 10:07:53
2013-07-19 10:04:33,0
0,2013-07-19 10:16:33
0,2013-07-19 10:15:01
0,2013-07-19 10:34:28
2013-07-19 10:30:20,0
2013-07-19 10:31:51,0
2013-07-19 10:36:22,0
2013-07-19 10:39:02,0
2013-07-19 10:44:23,0
2013-07-19 10:45:29,0
0,2013-07-19 10:48:07
0,2013-07-19 10:57:56
2013-07-19 10:47:20,0
2013-07-19 11:01:23,0
0,2013-07-19 11:29:04
2013-07-19 11:22:22,0
2013-07-19 11:22:30,0
0,2013-07-19 11:47:23
0,2013-07-19 11:46:52
0,2013-07-19 12:13:20
2013-07-19 12:00:52,0
2013-07-19 12:04:06,0
2013-07-19 12:07:41,0
2013-07-19 12:13:52,0
0,2013-07-19 12:27:21
0,2013-07-19 12:24:12
0,2013-07-19 12:27:07
2013-07-19 12:25:18,0
2013-07-19 12:29:44,0
2013-07-19 12:41:55,0
0,2013-07-19 13:06:27
2013-07-19 13:06:31,0
0,2013-07-19 13:40:56
2013-07-19 13:44:13,0
0,2013-07-19 15:08:50
0,2013-07-19 14:17:32
0,2013-07-19 14:22:38
0,2013-07-19 14:22:46
0,2013-07-19 14:41:13
2013-07-19 14:34:04,0
0,2013-07-19 14:54:06
0,2013-07-19 15:01:26
0,2013-07-19 15:06:05
2013-07-19 14:53:14,0
0,2013-07-19 15:07:51
0,2013-07-19 15:09:36
2013-07-19 15:02:48,0
0,2013-07-19 15:21:54
0,2013-07-19 15:18:43
0,2013-07-19 15:19:24
2013-07-19 15:23:26,0
0,2013-07-19 15:35:57
2013-07-19 15:27:27,0
0,2013-07-19 15:36:18
0,2013-07-19 15:59:07
0,2013-07-19 16:00:57
0,2013-07-19 16:00:48
2013-07-19 15:36:34,0
2013-07-19 15:40:30,0
0,2013-07-19 16:04:53
0,2013-07-19 16:08:46
0,2013-07-19 16:05:29
2013-07-19 15:58:17,0
2013-07-19 15:58:17,0
2013-07-19 15:58:49,0
0,2013-07-19 16:16:22
0,2013-07-19 16:34:33
2013-07-19 16:08:24,0
0,2013-07-19 16:15:07
0,2013-07-19 16:21:31
0,2013-07-19 16:24:27
0,2013-07-19 16:26:31
2013-07-19 16:23:31,0
0,2013-07-19 16:33:22
0,2013-07-19 16:46:21
0,2013-07-19 16:40:27
2013-07-19 16:31:40,0
0,2013-07-19 16:55:52
2013-07-19 16:37:50,0
2013-07-19 16:38:40,0
0,2013-07-19 16:54:13
0,2013-07-19 17:01:47
0,2013-07-19 17:29:28
2013-07-19 17:00:21,0
2013-07-19 17:00:23,0
0,2013-07-19 17:29:23
0,2013-07-19 17:09:48
0,2013-07-19 17:14:46
0,2013-07-19 17:17:47
0,2013-07-19 17:14:48
2013-07-19 17:10:14,0
0,2013-07-19 17:32:07
0,2013-07-19 17:33:13
2013-07-19 17:14:25,0
0,2013-07-19 17:38:44
0,2013-07-19 17:31:59
0,2013-07-19 17:33:08
0,2013-07-19 17:35:55
0,2013-07-19 17:39:45
0,2013-07-19 17:38:40
0,2013-07-19 17:31:42
0,2013-07-19 17:35:47
0,2013-07-19 17:45:05
0,2013-07-19 17:47:02
0,2013-07-19 17:48:23
2013-07-19 17:35:29,0
2013-07-19 17:44:35,0
2013-07-19 17:45:05,0
2013-07-19 17:48:02,0
0,2013-07-19 18:04:20
0,2013-07-19 18:07:58
0,2013-07-19 18:11:23
0,2013-07-19 18:23:40
2013-07-19 17:53:41,0
2013-07-19 17:55:03,0
0,2013-07-19 18:04:22
0,2013-07-19 18:08:42
2013-07-19 17:56:24,0
0,2013-07-19 18:05:21
0,2013-07-19 18:05:12
0,2013-07-19 18:23:14
2013-07-19 18:04:34,0
0,2013-07-19 18:17:15
2013-07-19 18:07:09,0
2013-07-19 18:07:17,0
2013-07-19 18:08:29,0
2013-07-19 18:09:44,0
2013-07-19 18:10:48,0
2013-07-19 18:11:40,0
0,2013-07-19 18:19:39
2013-07-19 18:13:35,0
2013-07-19 18:13:35,0
2013-07-19 18:13:57,0
0,2013-07-19 18:38:09
0,2013-07-19 18:28:37
0,2013-07-19 18:29:01
0,2013-07-19 18:38:20
2013-07-19 18:27:15,0
0,2013-07-19 18:44:04
0,2013-07-19 18:42:02
2013-07-19 18:37:50,0
2013-07-19 18:44:20,0
0,2013-07-19 18:56:23
2013-07-19 18:48:54,0
0,2013-07-19 19:22:23
2013-07-19 18:59:48,0
0,2013-07-19 19:22:31
2013-07-19 19:11:08,0
0,2013-07-19 19:25:23
2013-07-19 19:16:21,0
2013-07-19 19:16:26,0
2013-07-19 19:27:53,0
0,2013-07-19 19:51:50
0,2013-07-19 19:57:00
0,2013-07-19 19:58:03
2013-07-19 19:51:31,0
2013-07-19 19:56:32,0
2013-07-19 19:57:30,0
0,2013-07-19 20:25:38
0,2013-07-19 20:23:20
2013-07-19 20:17:47,0
0,2013-07-19 20:27:46
0,2013-07-19 20:31:58
2013-07-19 20:22:58,0
0,2013-07-19 20:56:23
2013-07-19 20:31:32,0
2013-07-19 20:55:18,0
2013-07-19 20:58:16,0
2013-07-19 21:27:30,0
0,2013-07-19 21:33:16
2013-07-19 21:31:51,0
2013-07-19 21:34:11,0
0,2013-07-19 21:43:23
0,2013-07-19 21:46:54
2013-07-19 21:46:45,0
2013-07-19 21:46:49,0
2013-07-19 21:47:15,0
0,2013-07-19 21:48:18
2013-07-19 21:49:22,0
0,2013-07-19 21:59:11
0,2013-07-19 22:25:43
2013-07-19 22:30:28,0
2013-07-19 22:47:07,0
0,2013-07-19 23:17:44
0,2013-07-19 23:20:22
0,2013-07-19 23:20:54
0,2013-07-19 23:17:58
2013-07-19 23:18:03,0
2013-07-19 23:18:26,0
0,2013-07-19 23:38:13
0,2013-07-22 00:11:16
0,2013-07-22 00:11:35
0,2013-07-22 00:11:27
0,2013-07-22 00:47:50
2013-07-22 02:23:00,0
0,2013-07-22 02:39:28
0,2013-07-22 03:26:30
2013-07-22 05:37:54,0
0,2013-07-22 06:08:07
2013-07-22 06:11:38,0
2013-07-22 06:13:03,0
2013-07-22 06:18:20,0
2013-07-22 06:19:27,0
2013-07-22 06:24:24,0
2013-07-22 06:27:07,0
0,2013-07-22 06:32:14
2013-07-22 06:27:56,0
2013-07-22 06:28:05,0
2013-07-22 06:32:08,0
2013-07-22 06:32:26,0
0,2013-07-22 07:24:38
2013-07-22 07:02:03,0
0,2013-07-22 07:48:40
2013-07-22 07:49:02,0
0,2013-07-22 08:06:17
0,2013-07-22 08:31:09
2013-07-22 08:07:47,0
0,2013-07-22 08:33:19
2013-07-22 08:30:23,0
2013-07-22 08:32:34,0
2013-07-22 08:35:46,0
0,2013-07-22 08:51:19
0,2013-07-22 08:57:34
0,2013-07-22 08:47:29
0,2013-07-22 08:59:02
0,2013-07-22 08:58:23
0,2013-07-22 08:50:45
2013-07-22 08:48:26,0
2013-07-22 08:50:50,0
2013-07-22 08:51:05,0
0,2013-07-22 09:10:38
2013-07-22 08:59:23,0
2013-07-22 09:00:00,0
0,2013-07-22 09:21:39
2013-07-22 09:16:14,0
0,2013-07-22 09:26:03
0,2013-07-22 09:31:20
0,2013-07-22 09:34:01
0,2013-07-22 09:33:58
2013-07-22 09:24:34,0
0,2013-07-22 09:44:19
2013-07-22 09:29:31,0
2013-07-22 09:31:24,0
2013-07-22 09:34:05,0
0,2013-07-22 09:48:39
0,2013-07-22 09:43:41
0,2013-07-22 09:56:00
2013-07-22 09:42:45,0
2013-07-22 09:44:03,0
0,2013-07-22 09:56:10
2013-07-22 09:47:13,0
0,2013-07-22 10:06:12
2013-07-22 09:53:26,0
2013-07-22 09:56:24,0
2013-07-22 09:57:34,0
0,2013-07-22 10:01:59
0,2013-07-22 10:14:50
2013-07-22 10:01:50,0
0,2013-07-22 10:09:58
0,2013-07-22 10:28:45
0,2013-07-22 10:29:24
2013-07-22 10:13:39,0
0,2013-07-22 10:26:03
2013-07-22 10:21:53,0
0,2013-07-22 10:41:58
0,2013-07-22 10:42:27
2013-07-22 10:54:43,0
0,2013-07-22 11:20:26
2013-07-22 10:55:05,0
2013-07-22 10:57:26,0
0,2013-07-22 11:17:08
2013-07-22 11:04:20,0
2013-07-22 11:22:07,0
2013-07-22 11:32:22,0
2013-07-22 11:37:32,0
0,2013-07-22 11:55:51
2013-07-22 11:43:51,0
0,2013-07-22 11:57:36
2013-07-22 11:47:56,0
0,2013-07-22 12:03:20
2013-07-22 11:57:20,0
2013-07-22 11:59:29,0
0,2013-07-22 12:04:09
0,2013-07-22 12:44:10
2013-07-22 12:04:19,0
2013-07-22 12:10:12,0
2013-07-22 12:49:05,0
0,2013-07-22 13:09:00
2013-07-22 13:11:46,0
2013-07-22 13:12:16,0
0,2013-07-22 13:55:24
0,2013-07-22 13:58:52
0,2013-07-22 14:07:30
0,2013-07-22 14:12:25
0,2013-07-22 14:25:35
2013-07-22 14:05:41,0
2013-07-22 14:12:56,0
0,2013-07-22 14:24:28
2013-07-22 14:20:48,0
0,2013-07-22 14:30:23
0,2013-07-22 14:52:20
2013-07-22 14:35:36,0
2013-07-22 14:35:36,0
2013-07-22 14:54:50,0
0,2013-07-22 15:15:19
0,2013-07-22 15:31:42
0,2013-07-22 15:28:30
0,2013-07-22 15:29:29
2013-07-22 15:19:01,0
2013-07-22 15:28:04,0
0,2013-07-22 15:46:59
0,2013-07-22 15:39:55
0,2013-07-22 15:50:08
2013-07-22 15:44:40,0
2013-07-22 15:47:41,0
2013-07-22 15:55:54,0
0,2013-07-22 16:05:47
0,2013-07-22 16:15:17
0,2013-07-22 16:11:08
0,2013-07-22 16:08:31
2013-07-22 16:08:48,0
0,2013-07-22 16:17:56
0,2013-07-22 16:30:16
2013-07-22 16:15:12,0
0,2013-07-22 16:39:20
0,2013-07-22 16:35:18
2013-07-22 16:30:57,0
0,2013-07-22 17:04:13
0,2013-07-22 17:12:16
0,2013-07-22 16:52:42
0,2013-07-22 17:01:14
0,2013-07-22 17:01:21
2013-07-22 16:48:57,0
0,2013-07-22 17:01:15
2013-07-22 16:52:16,0
0,2013-07-22 17:09:16
0,2013-07-22 17:10:45
2013-07-22 16:58:38,0
0,2013-07-22 17:10:47
0,2013-07-22 17:05:58
2013-07-22 16:59:36,0
2013-07-22 16:59:51,0
0,2013-07-22 17:17:45
0,2013-07-22 17:16:17
0,2013-07-22 17:11:38
0,2013-07-22 17:18:05
0,2013-07-22 17:08:42
2013-07-22 17:01:43,0
0,2013-07-22 17:06:25
0,2013-07-22 17:18:14
0,2013-07-22 17:15:58
2013-07-22 17:02:47,0
0,2013-07-22 17:17:50
2013-07-22 17:04:34,0
0,2013-07-22 17:16:43
2013-07-22 17:05:05,0
2013-07-22 17:05:41,0
0,2013-07-22 17:10:29
0,2013-07-22 17:24:22
0,2013-07-22 17:26:24
2013-07-22 17:10:01,0
0,2013-07-22 17:20:32
0,2013-07-22 17:37:10
0,2013-07-22 17:28:19
0,2013-07-22 17:45:19
2013-07-22 17:14:01,0
0,2013-07-22 17:27:54
0,2013-07-22 17:35:58
0,2013-07-22 17:32:19
2013-07-22 17:19:22,0
0,2013-07-22 17:38:02
0,2013-07-22 17:44:35
0,2013-07-22 17:43:33
2013-07-22 17:27:17,0
0,2013-07-22 17:53:07
2013-07-22 17:29:16,0
0,2013-07-22 17:38:45
2013-07-22 17:29:54,0
0,2013-07-22 17:41:07
0,2013-07-22 17:45:47
2013-07-22 17:34:08,0
0,2013-07-22 17:48:58
0,2013-07-22 17:45:19
0,2013-07-22 17:41:41
0,2013-07-22 17:48:46
2013-07-22 17:36:41,0
2013-07-22 17:38:09,0
2013-07-22 17:38:13,0
0,2013-07-22 17:47:39
0,2013-07-22 17:50:08
0,2013-07-22 17:54:53
0,2013-07-22 17:50:26
0,2013-07-22 17:54:47
2013-07-22 17:50:56,0
0,2013-07-22 18:02:45
0,2013-07-22 18:11:06
0,2013-07-22 18:15:57
2013-07-22 17:57:14,0
0,2013-07-22 18:16:51
0,2013-07-22 18:17:06
2013-07-22 18:02:13,0
0,2013-07-22 18:38:16
0,2013-07-22 18:09:37
0,2013-07-22 18:13:08
2013-07-22 18:09:22,0
2013-07-22 18:10:33,0
2013-07-22 18:10:33,0
2013-07-22 18:10:41,0
0,2013-07-22 18:27:55
2013-07-22 18:15:56,0
2013-07-22 18:16:31,0
0,2013-07-22 18:36:53
2013-07-22 18:26:52,0
0,2013-07-22 18:42:39
2013-07-22 18:37:25,0
0,2013-07-22 18:46:30
2013-07-22 18:41:59,0
2013-07-22 18:44:40,0
2013-07-22 18:48:46,0
2013-07-22 18:57:24,0
0,2013-07-22 19:20:47
2013-07-22 19:04:26,0
0,2013-07-22 19:12:14
2013-07-22 19:09:07,0
2013-07-22 19:12:43,0
0,2013-07-22 19:24:29
0,2013-07-22 19:27:33
0,2013-07-22 19:27:31
0,2013-07-22 19:34:38
0,2013-07-22 19:34:30
2013-07-22 19:24:33,0
0,2013-07-22 19:40:04
2013-07-22 19:26:29,0
0,2013-07-22 19:33:10
0,2013-07-22 19:31:31
2013-07-22 19:29:14,0
2013-07-22 19:31:06,0
0,2013-07-22 19:37:04
2013-07-22 19:34:08,0
2013-07-22 19:35:49,0
0,2013-07-22 19:41:37
2013-07-22 19:37:13,0
2013-07-22 19:37:38,0
0,2013-07-22 19:46:56
2013-07-22 19:39:04,0
0,2013-07-22 20:13:58
2013-07-22 19:39:25,0
0,2013-07-22 19:44:01
2013-07-22 19:46:49,0
0,2013-07-22 20:00:28
2013-07-22 20:00:01,0
2013-07-22 20:02:43,0
0,2013-07-22 20:47:16
0,2013-07-22 20:25:51
0,2013-07-22 20:47:10
2013-07-22 20:25:22,0
0,2013-07-22 20:59:56
2013-07-22 20:33:24,0
0,2013-07-22 20:49:04
2013-07-22 20:40:48,0
2013-07-22 20:44:36,0
2013-07-22 20:49:28,0
0,2013-07-22 20:58:46
2013-07-22 20:52:05,0
0,2013-07-22 21:06:15
0,2013-07-22 21:29:13
2013-07-22 21:23:33,0
2013-07-22 22:30:16,0
2013-07-22 22:35:33,0
0,2013-07-22 22:54:48
0,2013-07-22 23:31:44
2013-07-22 23:26:28,0
0,2013-07-22 23:57:21
0,2013-07-23 06:12:24
2013-07-23 06:38:44,0
2013-07-23 06:50:00,0
2013-07-23 06:53:38,0
2013-07-23 06:54:39,0
2013-07-23 06:55:10,0
2013-07-23 06:55:13,0
0,2013-07-23 07:10:28
2013-07-23 07:06:40,0
2013-07-23 07:07:01,0
2013-07-23 07:08:28,0
2013-07-23 07:12:33,0
2013-07-23 07:16:19,0
2013-07-23 07:20:45,0
2013-07-23 07:27:38,0
2013-07-23 07:27:41,0
2013-07-23 07:28:50,0
2013-07-23 07:32:32,0
2013-07-23 07:32:41,0
2013-07-23 07:33:33,0
2013-07-23 07:34:20,0
2013-07-23 07:39:00,0
2013-07-23 07:44:20,0
0,2013-07-23 07:51:51
2013-07-23 07:47:20,0
2013-07-23 07:47:48,0
2013-07-23 07:48:19,0
0,2013-07-23 08:08:27
2013-07-23 07:50:42,0
2013-07-23 07:54:17,0
2013-07-23 07:56:40,0
2013-07-23 07:57:21,0
2013-07-23 07:57:56,0
2013-07-23 07:59:28,0
0,2013-07-23 08:09:19
2013-07-23 08:08:50,0
2013-07-23 08:10:20,0
0,2013-07-23 08:29:15
2013-07-23 08:17:38,0
0,2013-07-23 08:30:24
0,2013-07-23 08:37:28
0,2013-07-23 08:38:07
2013-07-23 08:29:11,0
2013-07-23 08:29:46,0
2013-07-23 08:34:00,0
0,2013-07-23 08:44:54
2013-07-23 08:38:50,0
2013-07-23 08:45:00,0
2013-07-23 08:47:30,0
0,2013-07-23 09:07:20
0,2013-07-23 09:13:35
0,2013-07-23 09:21:01
2013-07-23 09:07:25,0
2013-07-23 09:16:13,0
0,2013-07-23 09:29:26
2013-07-23 09:21:12,0
0,2013-07-23 09:44:58
0,2013-07-23 09:41:27
2013-07-23 09:35:29,0
2013-07-23 09:45:15,0
0,2013-07-23 09:54:21
0,2013-07-23 10:01:11
0,2013-07-23 10:11:03
0,2013-07-23 09:58:10
0,2013-07-23 10:12:33
2013-07-23 09:58:36,0
2013-07-23 10:02:01,0
2013-07-23 10:04:04,0
0,2013-07-23 10:15:22
2013-07-23 10:17:22,0
2013-07-23 10:18:13,0
2013-07-23 10:34:31,0
0,2013-07-23 10:59:23
0,2013-07-23 11:21:33
0,2013-07-23 11:25:07
2013-07-23 11:08:20,0
2013-07-23 11:25:59,0
2013-07-23 11:29:18,0
0,2013-07-23 11:45:37
0,2013-07-23 12:04:19
2013-07-23 11:53:28,0
0,2013-07-23 12:10:01
0,2013-07-23 12:54:10
0,2013-07-23 12:10:32
0,2013-07-23 12:28:04
2013-07-23 12:25:06,0
0,2013-07-23 12:39:04
0,2013-07-23 13:05:41
2013-07-23 12:42:48,0
2013-07-23 12:42:53,0
2013-07-23 12:48:20,0
0,2013-07-23 12:59:14
2013-07-23 12:48:55,0
2013-07-23 12:48:56,0
2013-07-23 12:54:42,0
0,2013-07-23 13:13:39
0,2013-07-23 13:20:00
0,2013-07-23 13:21:34
2013-07-23 13:25:20,0
2013-07-23 13:32:31,0
2013-07-23 13:36:56,0
0,2013-07-23 13:50:32
2013-07-23 13:38:34,0
2013-07-23 13:39:50,0
0,2013-07-23 13:54:56
2013-07-23 13:53:20,0
0,2013-07-23 14:14:35
0,2013-07-23 14:12:11
0,2013-07-23 14:24:30
2013-07-23 14:22:14,0
0,2013-07-23 14:40:48
0,2013-07-23 14:41:47
2013-07-23 14:48:26,0
2013-07-23 14:55:38,0
2013-07-23 14:59:25,0
0,2013-07-23 15:16:40
2013-07-23 15:09:30,0
2013-07-23 15:14:19,0
2013-07-23 15:40:03,0
2013-07-23 15:42:11,0
0,2013-07-23 16:26:21
0,2013-07-23 16:06:31
2013-07-23 15:48:00,0
0,2013-07-23 15:52:00
0,2013-07-23 15:54:08
2013-07-23 15:56:37,0
0,2013-07-23 16:03:34
0,2013-07-23 16:05:11
2013-07-23 16:03:38,0
2013-07-23 16:03:56,0
0,2013-07-23 16:17:29
2013-07-23 16:09:57,0
2013-07-23 16:11:16,0
0,2013-07-23 16:25:18
2013-07-23 16:18:04,0
0,2013-07-23 16:34:52
0,2013-07-23 16:33:54
2013-07-23 16:28:20,0
0,2013-07-23 16:38:28
0,2013-07-23 16:46:49
2013-07-23 16:36:08,0
2013-07-23 16:41:38,0
0,2013-07-23 16:54:35
0,2013-07-23 16:50:15
0,2013-07-23 16:57:40
0,2013-07-23 17:00:38
0,2013-07-23 17:06:31
0,2013-07-23 17:32:18
0,2013-07-23 17:20:46
0,2013-07-23 17:13:21
0,2013-07-23 17:17:49
2013-07-23 17:03:26,0
0,2013-07-23 17:17:32
0,2013-07-23 17:19:41
2013-07-23 17:07:49,0
0,2013-07-23 17:22:41
2013-07-23 17:14:47,0
0,2013-07-23 17:23:18
2013-07-23 17:16:13,0
2013-07-23 17:16:13,0
0,2013-07-23 17:27:01
2013-07-23 17:22:09,0
0,2013-07-23 17:38:55
2013-07-23 17:25:08,0
0,2013-07-23 17:39:18
0,2013-07-23 17:45:28
2013-07-23 17:28:11,0
2013-07-23 17:28:18,0
2013-07-23 17:29:31,0
2013-07-23 17:29:33,0
2013-07-23 17:30:09,0
0,2013-07-23 17:46:40
0,2013-07-23 17:48:29
0,2013-07-23 17:45:11
0,2013-07-23 17:45:20
0,2013-07-23 17:44:29
2013-07-23 17:37:48,0
2013-07-23 17:38:09,0
0,2013-07-23 17:47:51
0,2013-07-23 17:48:33
2013-07-23 17:39:18,0
2013-07-23 17:39:31,0
2013-07-23 17:39:35,0
0,2013-07-23 18:12:32
0,2013-07-23 17:49:26
2013-07-23 17:43:16,0
2013-07-23 17:43:22,0
0,2013-07-23 17:59:39
2013-07-23 17:45:53,0
0,2013-07-23 18:01:24
2013-07-23 17:49:54,0
0,2013-07-23 18:02:36
2013-07-23 17:51:15,0
0,2013-07-23 18:08:00
0,2013-07-23 18:08:12
2013-07-23 17:53:35,0
0,2013-07-23 18:01:06
0,2013-07-23 18:10:55
2013-07-23 17:55:42,0
0,2013-07-23 18:07:39
2013-07-23 17:57:38,0
2013-07-23 17:58:06,0
0,2013-07-23 18:20:02
2013-07-23 18:01:38,0
0,2013-07-23 18:08:25
0,2013-07-23 18:20:00
0,2013-07-23 18:10:56
2013-07-23 18:04:46,0
2013-07-23 18:05:17,0
2013-07-23 18:06:26,0
2013-07-23 18:07:54,0
2013-07-23 18:07:54,0
2013-07-23 18:10:14,0
2013-07-23 18:11:48,0
2013-07-23 18:14:11,0
2013-07-23 18:14:14,0
0,2013-07-23 18:25:26
0,2013-07-23 18:20:36
2013-07-23 18:19:09,0
0,2013-07-23 18:36:04
0,2013-07-23 18:29:08
2013-07-23 18:21:29,0
0,2013-07-23 18:32:32
0,2013-07-23 18:26:23
0,2013-07-23 18:35:27
0,2013-07-23 18:33:51
2013-07-23 18:25:21,0
2013-07-23 18:25:58,0
0,2013-07-23 18:33:10
2013-07-23 18:26:59,0
0,2013-07-23 18:47:19
0,2013-07-23 18:45:55
2013-07-23 18:36:02,0
2013-07-23 18:38:58,0
0,2013-07-23 18:50:06
2013-07-23 18:43:58,0
2013-07-23 18:44:17,0
0,2013-07-23 18:54:57
2013-07-23 18:45:58,0
0,2013-07-23 18:55:07
2013-07-23 18:55:48,0
0,2013-07-23 19:10:23
0,2013-07-23 19:12:42
0,2013-07-23 19:11:29
2013-07-23 19:02:23,0
0,2013-07-23 19:09:05
0,2013-07-23 19:15:28
2013-07-23 19:12:36,0
2013-07-23 19:13:07,0
2013-07-23 19:13:15,0
2013-07-23 19:14:40,0
0,2013-07-23 19:36:24
2013-07-23 19:18:15,0
0,2013-07-23 19:32:31
0,2013-07-23 19:33:39
2013-07-23 19:33:42,0
2013-07-23 19:37:41,0
2013-07-23 19:40:08,0
0,2013-07-23 19:51:09
0,2013-07-23 20:17:04
2013-07-23 19:45:19,0
0,2013-07-23 19:49:38
2013-07-23 19:45:56,0
2013-07-23 19:49:05,0
2013-07-23 19:54:20,0
0,2013-07-23 20:03:30
0,2013-07-23 20:09:27
2013-07-23 20:00:31,0
0,2013-07-23 20:09:20
2013-07-23 20:04:03,0
2013-07-23 20:05:18,0
0,2013-07-23 20:26:29
0,2013-07-23 20:25:54
0,2013-07-23 20:52:37
2013-07-23 20:25:47,0
0,2013-07-23 20:55:19
2013-07-23 20:31:07,0
2013-07-23 20:31:25,0
0,2013-07-23 20:51:57
0,2013-07-23 21:00:35
2013-07-23 20:47:39,0
0,2013-07-23 21:10:53
2013-07-23 20:58:13,0
2013-07-23 20:58:24,0
0,2013-07-23 21:17:51
2013-07-23 21:02:50,0
2013-07-23 21:04:16,0
0,2013-07-23 21:23:51
0,2013-07-23 21:28:52
2013-07-23 21:12:59,0
2013-07-23 21:13:06,0
2013-07-23 21:14:53,0
0,2013-07-23 21:37:02
0,2013-07-23 21:36:56
0,2013-07-23 21:49:55
2013-07-23 21:37:44,0
2013-07-23 21:46:48,0
0,2013-07-23 21:48:03
2013-07-23 21:51:09,0
0,2013-07-23 22:27:52
0,2013-07-23 22:28:03
2013-07-23 21:55:39,0
0,2013-07-23 22:05:56
0,2013-07-23 22:06:43
2013-07-23 22:06:49,0
2013-07-23 22:07:07,0
0,2013-07-23 22:33:18
0,2013-07-23 22:55:54
0,2013-07-23 22:44:04
0,2013-07-23 23:04:21
0,2013-07-23 23:01:30
0,2013-07-23 23:10:32
0,2013-07-23 23:14:50
2013-07-23 23:06:31,0
0,2013-07-23 23:16:04
0,2013-07-23 23:35:51
0,2013-07-23 23:35:33
0,2013-07-23 23:35:28
0,2013-07-23 23:51:21
0,2013-07-23 23:37:00
2013-07-23 23:40:47,0
0,2013-07-23 23:48:38
2013-07-23 23:48:18,0
2013-07-23 23:51:28,0
2013-07-23 23:52:36,0
0,2013-07-24 00:12:57
0,2013-07-24 00:34:05
0,2013-07-24 00:29:50
0,2013-07-24 00:41:26
0,2013-07-24 00:51:55
0,2013-07-24 01:25:58
2013-07-24 01:54:15,0
0,2013-07-24 02:18:44
2013-07-24 06:20:27,0
0,2013-07-24 06:32:28
0,2013-07-24 07:07:13
2013-07-24 06:36:25,0
2013-07-24 06:42:00,0
2013-07-24 06:42:27,0
2013-07-24 06:49:43,0
2013-07-24 06:53:51,0
2013-07-24 06:58:18,0
0,2013-07-24 07:09:03
2013-07-24 07:00:07,0
2013-07-24 07:00:30,0
2013-07-24 07:03:42,0
2013-07-24 07:04:09,0
2013-07-24 07:05:10,0
2013-07-24 07:06:27,0
2013-07-24 07:06:43,0
2013-07-24 07:07:51,0
2013-07-24 07:10:29,0
2013-07-24 07:11:27,0
2013-07-24 07:17:28,0
2013-07-24 07:17:37,0
2013-07-24 07:19:47,0
2013-07-24 07:20:06,0
2013-07-24 07:20:07,0
2013-07-24 07:22:42,0
2013-07-24 07:23:23,0
2013-07-24 07:24:47,0
2013-07-24 07:31:35,0
0,2013-07-24 07:50:31
0,2013-07-24 07:45:33
2013-07-24 07:48:45,0
2013-07-24 07:49:28,0
2013-07-24 07:50:36,0
2013-07-24 07:51:14,0
2013-07-24 08:02:36,0
0,2013-07-24 08:25:46
0,2013-07-24 08:38:54
2013-07-24 08:31:54,0
0,2013-07-24 08:42:15
2013-07-24 08:39:11,0
0,2013-07-24 08:54:45
2013-07-24 08:47:28,0
0,2013-07-24 09:03:42
0,2013-07-24 08:59:04
0,2013-07-24 09:15:23
2013-07-24 09:02:46,0
0,2013-07-24 09:33:25
2013-07-24 09:03:52,0
2013-07-24 09:04:45,0
2013-07-24 09:07:05,0
0,2013-07-24 09:41:07
0,2013-07-24 09:22:44
0,2013-07-24 09:22:41
2013-07-24 09:15:26,0
0,2013-07-24 09:43:20
2013-07-24 09:23:46,0
0,2013-07-24 09:37:51
2013-07-24 09:29:51,0
0,2013-07-24 10:02:00
2013-07-24 09:41:21,0
0,2013-07-24 10:16:05
0,2013-07-24 10:04:39
2013-07-24 09:45:25,0
2013-07-24 09:45:32,0
0,2013-07-24 09:53:03
2013-07-24 09:50:57,0
0,2013-07-24 09:59:58
0,2013-07-24 10:17:29
0,2013-07-24 10:38:25
2013-07-24 10:12:46,0
0,2013-07-24 10:25:44
2013-07-24 10:15:03,0
0,2013-07-24 10:24:21
2013-07-24 10:19:18,0
2013-07-24 10:19:55,0
2013-07-24 10:33:18,0
0,2013-07-24 10:42:20
2013-07-24 10:34:18,0
2013-07-24 10:38:31,0
0,2013-07-24 11:26:29
2013-07-24 11:17:23,0
0,2013-07-24 11:29:14
2013-07-24 11:21:52,0
0,2013-07-24 11:34:22
0,2013-07-24 11:25:56
2013-07-24 11:26:29,0
0,2013-07-24 11:42:54
2013-07-24 11:39:35,0
2013-07-24 11:45:57,0
2013-07-24 11:49:43,0
0,2013-07-24 11:54:59
0,2013-07-24 12:03:13
2013-07-24 12:02:13,0
0,2013-07-24 12:24:43
2013-07-24 12:03:56,0
0,2013-07-24 12:47:49
2013-07-24 12:34:01,0
2013-07-24 12:34:04,0
2013-07-24 12:49:24,0
0,2013-07-24 12:56:32
0,2013-07-24 13:15:03
0,2013-07-24 14:37:32
2013-07-24 13:17:58,0
2013-07-24 13:27:07,0
0,2013-07-24 13:59:06
0,2013-07-24 14:17:33
0,2013-07-24 14:06:02
2013-07-24 14:05:36,0
2013-07-24 14:11:07,0
0,2013-07-24 14:35:51
2013-07-24 14:19:23,0
0,2013-07-24 14:32:09
2013-07-24 14:29:32,0
2013-07-24 14:39:46,0
0,2013-07-24 14:51:38
2013-07-24 14:43:06,0
0,2013-07-24 14:58:42
0,2013-07-24 15:08:34
2013-07-24 15:05:23,0
0,2013-07-24 15:19:32
2013-07-24 15:06:33,0
2013-07-24 15:09:25,0
0,2013-07-24 15:28:36
2013-07-24 15:21:38,0
2013-07-24 15:24:43,0
0,2013-07-24 15:29:03
0,2013-07-24 15:49:16
2013-07-24 15:29:13,0
0,2013-07-24 15:38:21
0,2013-07-24 15:43:13
0,2013-07-24 15:42:57
2013-07-24 15:36:55,0
0,2013-07-24 15:45:39
2013-07-24 15:46:18,0
0,2013-07-24 15:59:50
0,2013-07-24 16:19:35
2013-07-24 15:50:39,0
0,2013-07-24 16:01:08
2013-07-24 15:54:54,0
0,2013-07-24 16:15:40
0,2013-07-24 16:21:44
0,2013-07-24 16:59:14
2013-07-24 16:17:55,0
2013-07-24 16:23:19,0
0,2013-07-24 16:40:29
0,2013-07-24 16:34:10
0,2013-07-24 16:34:05
0,2013-07-24 16:37:31
2013-07-24 16:30:30,0
2013-07-24 16:32:00,0
2013-07-24 16:33:20,0
0,2013-07-24 17:00:26
2013-07-24 16:46:51,0
0,2013-07-24 16:55:16
0,2013-07-24 16:58:30
2013-07-24 16:53:40,0
2013-07-24 16:59:07,0
0,2013-07-24 17:16:04
0,2013-07-24 17:13:02
2013-07-24 17:04:38,0
0,2013-07-24 17:14:53
0,2013-07-24 17:15:00
0,2013-07-24 17:30:52
0,2013-07-24 17:12:42
0,2013-07-24 17:17:42
2013-07-24 17:07:39,0
2013-07-24 17:08:12,0
0,2013-07-24 18:05:08
0,2013-07-24 17:18:18
0,2013-07-24 17:23:47
0,2013-07-24 17:33:15
0,2013-07-24 17:33:56
0,2013-07-24 17:36:48
2013-07-24 17:15:48,0
2013-07-24 17:16:33,0
2013-07-24 17:19:56,0
0,2013-07-24 17:35:05
0,2013-07-24 17:31:44
0,2013-07-24 17:38:36
2013-07-24 17:24:33,0
0,2013-07-24 17:50:44
0,2013-07-24 17:40:53
0,2013-07-24 17:37:01
0,2013-07-24 17:37:47
0,2013-07-24 17:32:22
0,2013-07-24 17:55:15
2013-07-24 17:27:40,0
0,2013-07-24 17:42:44
0,2013-07-24 17:43:24
2013-07-24 17:29:34,0
2013-07-24 17:30:19,0
0,2013-07-24 17:47:01
0,2013-07-24 17:47:58
0,2013-07-24 17:54:36
0,2013-07-24 17:49:23
2013-07-24 17:32:36,0
0,2013-07-24 17:47:41
0,2013-07-24 17:37:54
0,2013-07-24 18:00:49
2013-07-24 17:35:15,0
0,2013-07-24 17:48:17
0,2013-07-24 17:48:27
0,2013-07-24 17:50:13
2013-07-24 17:35:56,0
0,2013-07-24 17:48:49
0,2013-07-24 17:46:16
0,2013-07-24 17:45:13
0,2013-07-24 17:49:36
0,2013-07-24 18:07:14
0,2013-07-24 18:09:54
2013-07-24 17:42:06,0
0,2013-07-24 17:54:51
0,2013-07-24 18:41:52
2013-07-24 17:46:50,0
2013-07-24 17:51:17,0
2013-07-24 17:52:22,0
0,2013-07-24 18:05:51
0,2013-07-24 18:01:33
0,2013-07-24 18:07:01
0,2013-07-24 18:18:53
2013-07-24 17:58:27,0
2013-07-24 18:03:14,0
0,2013-07-24 18:09:34
2013-07-24 18:03:50,0
0,2013-07-24 18:34:13
2013-07-24 18:07:10,0
0,2013-07-24 18:23:53
2013-07-24 18:08:40,0
2013-07-24 18:09:08,0
0,2013-07-24 18:19:08
2013-07-24 18:12:02,0
0,2013-07-24 18:23:07
2013-07-24 18:12:37,0
0,2013-07-24 18:24:30
2013-07-24 18:13:56,0
0,2013-07-24 18:18:54
2013-07-24 18:17:02,0
0,2013-07-24 18:31:49
0,2013-07-24 18:36:04
2013-07-24 18:22:10,0
0,2013-07-24 18:34:57
0,2013-07-24 18:40:04
2013-07-24 18:23:20,0
0,2013-07-24 18:42:22
0,2013-07-24 18:56:34
2013-07-24 18:29:34,0
2013-07-24 18:29:41,0
2013-07-24 18:31:20,0
2013-07-24 18:32:46,0
2013-07-24 18:34:26,0
2013-07-24 18:35:33,0
2013-07-24 18:35:35,0
2013-07-24 18:35:50,0
0,2013-07-24 19:06:17
0,2013-07-24 19:02:54
2013-07-24 18:40:50,0
2013-07-24 18:42:14,0
0,2013-07-24 19:17:58
0,2013-07-24 18:58:31
2013-07-24 18:47:38,0
2013-07-24 18:49:46,0
2013-07-24 18:49:47,0
2013-07-24 18:49:50,0
0,2013-07-24 18:53:20
0,2013-07-24 19:02:38
0,2013-07-24 19:03:46
0,2013-07-24 19:16:42
0,2013-07-24 19:08:00
0,2013-07-24 19:08:33
2013-07-24 19:00:19,0
2013-07-24 19:02:24,0
0,2013-07-24 19:14:49
0,2013-07-24 19:17:00
0,2013-07-24 19:18:34
2013-07-24 19:05:42,0
2013-07-24 19:06:25,0
0,2013-07-24 19:25:39
2013-07-24 19:08:57,0
2013-07-24 19:09:54,0
2013-07-24 19:10:08,0
2013-07-24 19:10:19,0
2013-07-24 19:10:34,0
0,2013-07-24 19:35:12
2013-07-24 19:11:55,0
0,2013-07-24 19:19:19
0,2013-07-24 19:18:47
2013-07-24 19:13:41,0
2013-07-24 19:14:24,0
2013-07-24 19:16:34,0
2013-07-24 19:18:02,0
2013-07-24 19:18:21,0
2013-07-24 19:18:52,0
2013-07-24 19:19:54,0
2013-07-24 19:20:31,0
2013-07-24 19:20:57,0
0,2013-07-24 19:42:49
2013-07-24 19:29:57,0
2013-07-24 19:30:51,0
0,2013-07-24 19:46:07
0,2013-07-24 19:58:47
0,2013-07-24 19:55:28
2013-07-24 19:42:11,0
0,2013-07-24 19:50:54
0,2013-07-24 19:54:32
2013-07-24 19:46:02,0
2013-07-24 19:46:54,0
2013-07-24 19:47:14,0
0,2013-07-24 20:20:51
2013-07-24 19:52:26,0
0,2013-07-24 20:24:59
0,2013-07-24 20:20:03
2013-07-24 20:06:06,0
2013-07-24 20:09:14,0
0,2013-07-24 20:23:15
2013-07-24 20:11:51,0
2013-07-24 20:11:53,0
2013-07-24 20:12:36,0
2013-07-24 20:12:52,0
2013-07-24 20:15:53,0
0,2013-07-24 20:54:05
2013-07-24 20:19:20,0
2013-07-24 20:20:24,0
2013-07-24 20:20:25,0
2013-07-24 20:24:01,0
2013-07-24 20:26:18,0
2013-07-24 20:28:32,0
2013-07-24 20:28:33,0
2013-07-24 20:31:15,0
0,2013-07-24 20:37:02
0,2013-07-24 20:40:11
0,2013-07-24 21:19:46
2013-07-24 20:37:20,0
2013-07-24 20:37:27,0
2013-07-24 20:41:49,0
0,2013-07-24 21:15:53
0,2013-07-24 20:51:18
0,2013-07-24 21:08:39
0,2013-07-24 20:55:23
0,2013-07-24 21:02:33
0,2013-07-24 20:59:27
0,2013-07-24 21:10:42
0,2013-07-24 21:13:28
2013-07-24 20:56:39,0
2013-07-24 21:01:32,0
2013-07-24 21:01:53,0
2013-07-24 21:02:24,0
0,2013-07-24 21:20:09
0,2013-07-24 21:20:26
0,2013-07-24 21:40:33
2013-07-24 21:10:14,0
2013-07-24 21:13:20,0
2013-07-24 21:20:01,0
0,2013-07-24 21:24:47
2013-07-24 21:25:29,0
2013-07-24 21:31:43,0
0,2013-07-24 21:42:22
2013-07-24 21:32:19,0
2013-07-24 21:32:41,0
0,2013-07-24 21:41:00
2013-07-24 21:41:39,0
2013-07-24 21:44:35,0
0,2013-07-24 21:57:49
0,2013-07-24 22:01:21
0,2013-07-24 22:17:22
2013-07-24 21:56:26,0
0,2013-07-24 22:16:41
2013-07-24 21:59:32,0
2013-07-24 22:01:31,0
2013-07-24 22:19:17,0
0,2013-07-24 22:59:30
2013-07-24 22:31:51,0
2013-07-24 22:35:57,0
0,2013-07-24 23:15:57
0,2013-07-24 22:58:04
2013-07-24 22:52:19,0
0,2013-07-24 22:58:23
0,2013-07-24 23:26:31
2013-07-24 22:58:55,0
2013-07-24 23:02:33,0
0,2013-07-24 23:57:30
2013-07-24 23:45:48,0
0,2013-07-25 00:01:36
0,2013-07-25 00:01:41
2013-07-24 23:54:25,0
2013-07-25 00:00:41,0
2013-07-25 00:02:02,0
0,2013-07-25 00:47:37
0,2013-07-25 00:54:22
0,2013-07-25 01:23:53
2013-07-25 01:39:51,0
0,2013-07-25 02:11:37
2013-07-25 02:09:28,0
0,2013-07-25 03:00:47
0,2013-07-25 04:17:08
2013-07-25 04:37:08,0
0,2013-07-25 05:37:33
2013-07-25 05:36:14,0
2013-07-25 05:52:00,0
0,2013-07-25 06:03:08
2013-07-25 06:00:15,0
2013-07-25 06:07:33,0
2013-07-25 06:09:58,0
2013-07-25 06:14:51,0
2013-07-25 06:16:05,0
2013-07-25 06:17:21,0
2013-07-25 06:17:42,0
2013-07-25 06:18:52,0
2013-07-25 06:25:02,0
2013-07-25 06:30:33,0
2013-07-25 06:31:27,0
0,2013-07-25 06:47:45
0,2013-07-25 07:25:45
0,2013-07-25 07:10:30
2013-07-25 07:10:40,0
2013-07-25 07:22:28,0
2013-07-25 07:25:52,0
2013-07-25 07:28:46,0
2013-07-25 07:29:31,0
2013-07-25 07:32:00,0
0,2013-07-25 07:45:41
0,2013-07-25 07:49:53
2013-07-25 07:46:36,0
2013-07-25 07:50:37,0
0,2013-07-25 08:55:57
2013-07-25 08:18:22,0
0,2013-07-25 08:27:41
2013-07-25 08:25:19,0
0,2013-07-25 08:37:48
0,2013-07-25 08:44:56
2013-07-25 08:32:00,0
0,2013-07-25 08:48:44
0,2013-07-25 08:42:16
0,2013-07-25 08:52:15
0,2013-07-25 08:45:00
2013-07-25 08:42:38,0
2013-07-25 08:45:08,0
2013-07-25 08:46:16,0
2013-07-25 08:48:25,0
0,2013-07-25 09:05:27
2013-07-25 08:49:55,0
2013-07-25 08:53:52,0
2013-07-25 08:55:31,0
0,2013-07-25 09:13:41
2013-07-25 09:02:48,0
0,2013-07-25 09:09:30
0,2013-07-25 09:21:06
2013-07-25 09:10:32,0
0,2013-07-25 09:24:52
0,2013-07-25 09:21:19
2013-07-25 09:16:33,0
0,2013-07-25 09:26:15
2013-07-25 09:17:30,0
0,2013-07-25 09:46:01
0,2013-07-25 09:26:02
0,2013-07-25 09:23:13
0,2013-07-25 09:31:55
2013-07-25 09:24:12,0
0,2013-07-25 09:41:07
2013-07-25 09:25:13,0
2013-07-25 09:26:03,0
2013-07-25 09:26:06,0
2013-07-25 09:28:06,0
2013-07-25 09:28:12,0
0,2013-07-25 09:36:13
0,2013-07-25 09:45:04
0,2013-07-25 09:46:10
0,2013-07-25 09:47:28
2013-07-25 09:47:39,0
2013-07-25 09:48:47,0
2013-07-25 09:52:40,0
2013-07-25 09:53:46,0
0,2013-07-25 10:04:46
0,2013-07-25 10:04:10
2013-07-25 09:58:10,0
0,2013-07-25 10:10:14
2013-07-25 10:05:43,0
0,2013-07-25 10:10:53
2013-07-25 10:07:36,0
0,2013-07-25 10:14:23
2013-07-25 10:21:18,0
0,2013-07-25 10:29:15
2013-07-25 10:22:26,0
0,2013-07-25 10:33:37
2013-07-25 10:29:25,0
2013-07-25 10:33:44,0
0,2013-07-25 11:28:26
2013-07-25 11:31:02,0
0,2013-07-25 12:01:34
0,2013-07-25 12:01:03
0,2013-07-25 12:27:23
2013-07-25 12:07:12,0
2013-07-25 12:21:31,0
0,2013-07-25 12:53:12
2013-07-25 12:31:01,0
0,2013-07-25 12:42:35
0,2013-07-25 12:48:24
0,2013-07-25 12:49:42
2013-07-25 12:43:04,0
2013-07-25 12:47:05,0
2013-07-25 12:49:10,0
2013-07-25 12:58:07,0
0,2013-07-25 13:56:05
2013-07-25 13:32:15,0
0,2013-07-25 13:52:41
0,2013-07-25 14:00:35
2013-07-25 13:51:40,0
0,2013-07-25 14:10:15
0,2013-07-25 14:30:45
2013-07-25 14:15:11,0
2013-07-25 14:16:47,0
0,2013-07-25 14:24:38
2013-07-25 14:21:36,0
0,2013-07-25 15:04:43
0,2013-07-25 14:40:39
0,2013-07-25 14:40:54
2013-07-25 14:29:59,0
2013-07-25 14:33:42,0
0,2013-07-25 14:52:53
0,2013-07-25 14:52:45
2013-07-25 14:43:40,0
0,2013-07-25 14:55:35
2013-07-25 14:45:17,0
0,2013-07-25 14:58:31
0,2013-07-25 15:05:22
0,2013-07-25 15:11:05
2013-07-25 15:05:42,0
0,2013-07-25 15:20:03
0,2013-07-25 15:25:07
0,2013-07-25 15:24:32
2013-07-25 15:24:20,0
2013-07-25 15:28:15,0
0,2013-07-25 15:29:15
2013-07-25 15:30:28,0
2013-07-25 15:32:13,0
0,2013-07-25 15:54:22
2013-07-25 15:38:48,0
0,2013-07-25 15:47:06
2013-07-25 15:39:49,0
2013-07-25 15:41:04,0
2013-07-25 15:47:15,0
0,2013-07-25 16:15:13
2013-07-25 16:05:17,0
0,2013-07-25 16:21:53
0,2013-07-25 16:19:11
0,2013-07-25 16:26:56
0,2013-07-25 16:53:52
2013-07-25 16:16:41,0
2013-07-25 16:18:45,0
0,2013-07-25 16:44:39
2013-07-25 16:20:17,0
0,2013-07-25 16:36:45
2013-07-25 16:25:03,0
0,2013-07-25 16:34:56
0,2013-07-25 16:53:19
0,2013-07-25 16:53:49
0,2013-07-25 16:49:58
0,2013-07-25 16:53:32
0,2013-07-25 16:53:27
2013-07-25 16:43:26,0
0,2013-07-25 16:53:08
0,2013-07-25 17:03:13
0,2013-07-25 17:03:25
0,2013-07-25 17:09:15
0,2013-07-25 17:08:33
0,2013-07-25 17:08:45
2013-07-25 16:58:10,0
0,2013-07-25 17:10:29
2013-07-25 17:01:04,0
0,2013-07-25 17:14:07
0,2013-07-25 17:16:53
2013-07-25 17:05:39,0
0,2013-07-25 17:08:08
0,2013-07-25 17:15:55
0,2013-07-25 17:13:38
2013-07-25 17:06:52,0
2013-07-25 17:07:03,0
0,2013-07-25 17:11:40
0,2013-07-25 17:16:57
2013-07-25 17:07:58,0
0,2013-07-25 17:22:11
2013-07-25 17:09:31,0
0,2013-07-25 17:27:19
0,2013-07-25 17:28:38
0,2013-07-25 17:27:05
0,2013-07-25 17:17:27
0,2013-07-25 17:42:56
0,2013-07-25 17:38:18
0,2013-07-25 17:18:00
0,2013-07-25 17:25:46
0,2013-07-25 17:32:00
0,2013-07-25 17:30:03
2013-07-25 17:17:11,0
2013-07-25 17:17:53,0
2013-07-25 17:19:30,0
2013-07-25 17:20:18,0
2013-07-25 17:20:51,0
0,2013-07-25 17:32:22
0,2013-07-25 17:29:50
2013-07-25 17:21:29,0
0,2013-07-25 17:31:15
0,2013-07-25 17:40:59
0,2013-07-25 17:42:02
0,2013-07-25 17:56:51
2013-07-25 17:32:23,0
2013-07-25 17:32:30,0
2013-07-25 17:33:18,0
2013-07-25 17:34:02,0
0,2013-07-25 17:44:01
2013-07-25 17:37:01,0
0,2013-07-25 17:46:06
2013-07-25 17:37:32,0
2013-07-25 17:38:23,0
0,2013-07-25 17:52:32
2013-07-25 17:39:49,0
0,2013-07-25 17:49:44
0,2013-07-25 17:57:42
2013-07-25 17:44:23,0
0,2013-07-25 18:15:27
2013-07-25 17:47:58,0
0,2013-07-25 18:01:04
2013-07-25 17:52:14,0
2013-07-25 17:52:34,0
2013-07-25 17:53:00,0
0,2013-07-25 18:12:08
0,2013-07-25 18:13:21
2013-07-25 17:58:43,0
0,2013-07-25 18:10:04
2013-07-25 17:59:17,0
2013-07-25 17:59:42,0
0,2013-07-25 18:11:42
2013-07-25 18:02:31,0
0,2013-07-25 18:19:38
0,2013-07-25 18:17:25
2013-07-25 18:13:26,0
2013-07-25 18:14:45,0
0,2013-07-25 18:27:20
2013-07-25 18:16:18,0
2013-07-25 18:17:55,0
2013-07-25 18:18:46,0
2013-07-25 18:21:13,0
0,2013-07-25 18:45:28
2013-07-25 18:21:46,0
0,2013-07-25 18:31:50
2013-07-25 18:24:04,0
0,2013-07-25 18:45:32
2013-07-25 18:27:24,0
2013-07-25 18:27:48,0
0,2013-07-25 19:10:36
0,2013-07-25 18:50:14
0,2013-07-25 18:39:18
2013-07-25 18:31:21,0
2013-07-25 18:31:31,0
2013-07-25 18:34:42,0
0,2013-07-25 19:05:08
2013-07-25 18:35:49,0
0,2013-07-25 18:49:02
0,2013-07-25 18:44:48
0,2013-07-25 19:01:12
2013-07-25 18:42:16,0
0,2013-07-25 18:51:40
2013-07-25 18:46:10,0
2013-07-25 18:47:41,0
0,2013-07-25 19:02:57
2013-07-25 18:52:31,0
2013-07-25 18:52:33,0
2013-07-25 18:56:03,0
0,2013-07-25 19:08:16
2013-07-25 18:56:54,0
0,2013-07-25 19:18:56
0,2013-07-25 19:05:08
2013-07-25 18:57:51,0
2013-07-25 19:03:23,0
2013-07-25 19:04:52,0
0,2013-07-25 19:30:21
2013-07-25 19:12:58,0
0,2013-07-25 19:39:34
0,2013-07-25 19:26:47
2013-07-25 19:23:14,0
0,2013-07-25 19:37:31
0,2013-07-25 20:13:44
2013-07-25 19:28:59,0
2013-07-25 19:30:17,0
0,2013-07-25 19:37:48
0,2013-07-25 20:10:42
0,2013-07-25 20:06:11
0,2013-07-25 19:48:32
0,2013-07-25 19:49:24
0,2013-07-25 19:52:46
0,2013-07-25 20:05:18
0,2013-07-25 19:56:24
2013-07-25 19:49:22,0
2013-07-25 19:52:08,0
2013-07-25 19:53:28,0
2013-07-25 19:57:28,0
2013-07-25 19:58:50,0
2013-07-25 20:02:19,0
2013-07-25 20:02:35,0
2013-07-25 20:04:00,0
2013-07-25 20:06:22,0
2013-07-25 20:22:41,0
0,2013-07-25 20:30:22
0,2013-07-25 20:30:54
2013-07-25 20:33:35,0
2013-07-25 20:34:04,0
0,2013-07-25 20:49:52
0,2013-07-25 21:08:22
2013-07-25 20:39:56,0
0,2013-07-25 20:47:41
0,2013-07-25 21:04:07
0,2013-07-25 20:55:21
0,2013-07-25 21:04:35
2013-07-25 20:53:03,0
2013-07-25 20:53:52,0
2013-07-25 21:04:48,0
0,2013-07-25 21:11:01
0,2013-07-25 21:19:45
2013-07-25 21:08:09,0
0,2013-07-25 21:46:22
0,2013-07-25 21:46:15
2013-07-25 21:18:48,0
2013-07-25 21:19:20,0
2013-07-25 21:43:06,0
0,2013-07-25 22:12:37
0,2013-07-25 21:58:36
2013-07-25 22:07:04,0
2013-07-25 22:07:18,0
0,2013-07-25 22:24:28
0,2013-07-25 22:48:44
2013-07-25 22:24:12,0
0,2013-07-25 22:35:40
2013-07-25 22:35:50,0
0,2013-07-25 22:42:26
0,2013-07-25 22:51:45
2013-07-25 22:54:38,0
0,2013-07-25 23:16:07
2013-07-25 23:10:23,0
2013-07-25 23:10:38,0
2013-07-25 23:23:32,0
0,2013-07-25 23:38:49
2013-07-25 23:37:52,0
2013-07-25 23:38:29,0
0,2013-07-26 00:11:30
2013-07-25 23:55:28,0
0,2013-07-26 00:17:56
0,2013-07-26 00:18:30
0,2013-07-26 00:52:43
0,2013-07-26 00:41:01
0,2013-07-26 00:53:50
0,2013-07-26 01:12:44
2013-07-26 01:12:44,0
0,2013-07-26 01:37:33
2013-07-26 01:54:32,0
0,2013-07-26 03:43:26
0,2013-07-26 05:47:13
2013-07-26 04:54:00,0
2013-07-26 05:38:53,0
0,2013-07-26 06:04:45
2013-07-26 05:58:39,0
2013-07-26 06:06:09,0
2013-07-26 06:11:19,0
2013-07-26 06:15:28,0
2013-07-26 06:15:31,0
2013-07-26 06:23:02,0
2013-07-26 06:24:48,0
2013-07-26 06:25:43,0
2013-07-26 06:31:09,0
0,2013-07-26 06:51:25
2013-07-26 06:51:18,0
2013-07-26 06:52:22,0
2013-07-26 06:54:46,0
2013-07-26 06:56:37,0
2013-07-26 06:57:35,0
0,2013-07-26 07:24:41
2013-07-26 07:03:05,0
2013-07-26 07:03:52,0
2013-07-26 07:04:57,0
2013-07-26 07:11:10,0
2013-07-26 07:15:26,0
2013-07-26 07:16:14,0
0,2013-07-26 07:25:13
2013-07-26 07:26:06,0
2013-07-26 07:29:19,0
0,2013-07-26 07:42:04
2013-07-26 07:32:27,0
2013-07-26 07:33:17,0
2013-07-26 07:35:21,0
0,2013-07-26 07:40:49
2013-07-26 07:38:23,0
2013-07-26 07:41:01,0
2013-07-26 07:41:54,0
0,2013-07-26 07:42:56
0,2013-07-26 07:50:41
0,2013-07-26 07:58:45
0,2013-07-26 08:12:22
2013-07-26 07:55:32,0
2013-07-26 08:01:54,0
2013-07-26 08:03:06,0
2013-07-26 08:03:17,0
0,2013-07-26 08:31:29
2013-07-26 08:21:25,0
0,2013-07-26 08:38:36
0,2013-07-26 08:52:03
0,2013-07-26 08:50:43
2013-07-26 08:38:42,0
0,2013-07-26 08:54:21
2013-07-26 08:50:51,0
2013-07-26 08:51:04,0
0,2013-07-26 08:58:41
2013-07-26 08:58:17,0
0,2013-07-26 09:05:49
0,2013-07-26 09:15:04
2013-07-26 09:01:33,0
2013-07-26 09:05:50,0
0,2013-07-26 09:18:29
0,2013-07-26 09:31:31
0,2013-07-26 09:21:05
0,2013-07-26 09:46:41
2013-07-26 09:20:47,0
2013-07-26 09:20:55,0
0,2013-07-26 09:30:31
2013-07-26 09:25:38,0
0,2013-07-26 09:37:01
0,2013-07-26 09:56:31
2013-07-26 09:32:35,0
0,2013-07-26 09:39:59
2013-07-26 09:37:04,0
2013-07-26 09:43:31,0
2013-07-26 09:48:48,0
0,2013-07-26 10:01:52
0,2013-07-26 10:04:47
0,2013-07-26 10:09:30
0,2013-07-26 10:00:01
2013-07-26 09:57:12,0
2013-07-26 09:58:31,0
0,2013-07-26 10:01:36
2013-07-26 10:05:22,0
2013-07-26 10:18:14,0
2013-07-26 10:20:52,0
2013-07-26 10:24:37,0
2013-07-26 10:24:39,0
0,2013-07-26 10:43:03
0,2013-07-26 10:48:40
0,2013-07-26 10:41:57
2013-07-26 10:43:28,0
0,2013-07-26 11:00:35
0,2013-07-26 11:22:41
2013-07-26 10:53:03,0
2013-07-26 10:55:02,0
2013-07-26 10:55:45,0
0,2013-07-26 11:03:51
2013-07-26 11:00:47,0
0,2013-07-26 11:11:16
2013-07-26 11:13:45,0
0,2013-07-26 11:37:44
0,2013-07-26 11:27:05
0,2013-07-26 11:25:19
2013-07-26 11:22:22,0
2013-07-26 11:29:45,0
2013-07-26 11:31:56,0
0,2013-07-26 11:46:21
0,2013-07-26 11:48:31
0,2013-07-26 11:46:27
0,2013-07-26 11:57:06
2013-07-26 11:48:47,0
0,2013-07-26 12:06:16
2013-07-26 12:08:40,0
0,2013-07-26 12:17:03
2013-07-26 12:12:47,0
2013-07-26 12:15:39,0
2013-07-26 12:16:33,0
2013-07-26 12:19:29,0
2013-07-26 12:20:19,0
2013-07-26 12:20:43,0
0,2013-07-26 12:32:08
0,2013-07-26 12:47:42
2013-07-26 12:23:51,0
2013-07-26 12:33:16,0
0,2013-07-26 12:59:07
2013-07-26 12:46:18,0
0,2013-07-26 12:58:40
0,2013-07-26 12:58:45
0,2013-07-26 12:59:37
0,2013-07-26 13:17:11
2013-07-26 13:01:37,0
0,2013-07-26 13:20:47
2013-07-26 13:06:58,0
0,2013-07-26 13:10:53
2013-07-26 13:10:47,0
0,2013-07-26 13:16:30
0,2013-07-26 13:21:37
2013-07-26 13:14:08,0
2013-07-26 13:15:23,0
2013-07-26 13:16:31,0
2013-07-26 13:22:54,0
0,2013-07-26 13:39:47
2013-07-26 13:24:32,0
2013-07-26 13:27:54,0
2013-07-26 13:31:30,0
2013-07-26 13:35:29,0
2013-07-26 13:40:28,0
0,2013-07-26 13:55:14
0,2013-07-26 13:51:44
0,2013-07-26 13:56:56
2013-07-26 13:52:09,0
2013-07-26 13:56:32,0
0,2013-07-26 14:10:08
2013-07-26 13:59:28,0
0,2013-07-26 14:23:44
0,2013-07-26 14:15:10
0,2013-07-26 14:14:23
0,2013-07-26 14:36:01
2013-07-26 14:21:44,0
2013-07-26 14:23:45,0
0,2013-07-26 14:35:23
2013-07-26 14:27:42,0
2013-07-26 14:30:05,0
0,2013-07-26 14:47:08
0,2013-07-26 14:45:47
0,2013-07-26 14:47:55
2013-07-26 14:37:05,0
0,2013-07-26 14:51:34
2013-07-26 14:45:00,0
2013-07-26 14:49:44,0
2013-07-26 14:55:51,0
0,2013-07-26 15:06:51
0,2013-07-26 15:05:18
0,2013-07-26 15:09:53
0,2013-07-26 15:16:19
0,2013-07-26 15:30:52
2013-07-26 15:06:07,0
0,2013-07-26 15:30:50
2013-07-26 15:09:26,0
0,2013-07-26 15:24:22
2013-07-26 15:15:12,0
0,2013-07-26 15:32:04
0,2013-07-26 15:32:03
0,2013-07-26 15:24:36
0,2013-07-26 15:27:58
0,2013-07-26 15:52:56
2013-07-26 15:23:05,0
2013-07-26 15:28:32,0
0,2013-07-26 15:53:02
2013-07-26 15:29:56,0
0,2013-07-26 15:38:57
2013-07-26 15:32:29,0
2013-07-26 15:33:06,0
2013-07-26 15:36:23,0
0,2013-07-26 15:47:31
2013-07-26 15:46:05,0
2013-07-26 15:48:57,0
2013-07-26 15:50:03,0
0,2013-07-26 16:07:30
0,2013-07-26 16:11:39
0,2013-07-26 16:11:36
0,2013-07-26 16:09:30
0,2013-07-26 16:17:31
0,2013-07-26 16:15:20
2013-07-26 16:04:17,0
2013-07-26 16:08:54,0
2013-07-26 16:09:13,0
0,2013-07-26 16:25:52
0,2013-07-26 16:17:03
0,2013-07-26 16:19:58
0,2013-07-26 16:21:49
0,2013-07-26 16:34:43
2013-07-26 16:24:41,0
0,2013-07-26 16:36:00
0,2013-07-26 16:45:43
0,2013-07-26 16:39:31
0,2013-07-26 17:02:59
2013-07-26 16:40:31,0
2013-07-26 16:41:51,0
0,2013-07-26 16:52:48
2013-07-26 16:42:37,0
0,2013-07-26 16:50:33
0,2013-07-26 16:58:18
2013-07-26 16:47:16,0
0,2013-07-26 16:59:34
2013-07-26 16:52:04,0
0,2013-07-26 16:57:54
0,2013-07-26 17:10:41
0,2013-07-26 17:15:49
2013-07-26 17:05:21,0
0,2013-07-26 17:24:11
0,2013-07-26 17:20:48
0,2013-07-26 17:24:09
0,2013-07-26 17:18:33
2013-07-26 17:11:51,0
0,2013-07-26 17:29:17
2013-07-26 17:16:27,0
0,2013-07-26 17:26:13
0,2013-07-26 17:24:13
2013-07-26 17:19:46,0
2013-07-26 17:19:47,0
2013-07-26 17:20:15,0
0,2013-07-26 17:24:32
0,2013-07-26 17:39:40
2013-07-26 17:21:51,0
2013-07-26 17:23:01,0
0,2013-07-26 17:35:14
0,2013-07-26 17:48:39
0,2013-07-26 17:37:18
2013-07-26 17:28:14,0
0,2013-07-26 17:45:54
0,2013-07-26 17:46:51
0,2013-07-26 17:48:49
2013-07-26 17:33:59,0
0,2013-07-26 17:50:40
2013-07-26 17:36:38,0
2013-07-26 17:37:28,0
2013-07-26 17:45:50,0
2013-07-26 17:46:56,0
0,2013-07-26 18:03:25
2013-07-26 17:48:00,0
2013-07-26 17:49:43,0
0,2013-07-26 18:09:21
2013-07-26 17:55:37,0
0,2013-07-26 18:20:33
0,2013-07-26 18:02:38
0,2013-07-26 18:02:13
2013-07-26 18:00:52,0
2013-07-26 18:02:37,0
0,2013-07-26 18:12:43
0,2013-07-26 18:11:43
2013-07-26 18:05:49,0
0,2013-07-26 18:19:48
0,2013-07-26 18:20:17
0,2013-07-26 18:14:09
2013-07-26 18:10:14,0
2013-07-26 18:11:10,0
2013-07-26 18:11:21,0
2013-07-26 18:11:24,0
2013-07-26 18:14:21,0
2013-07-26 18:16:31,0
2013-07-26 18:16:43,0
2013-07-26 18:19:37,0
2013-07-26 18:20:33,0
0,2013-07-26 18:29:20
2013-07-26 18:24:12,0
0,2013-07-26 18:36:50
0,2013-07-26 18:49:23
2013-07-26 18:29:13,0
2013-07-26 18:29:19,0
0,2013-07-26 18:52:48
0,2013-07-26 18:44:12
2013-07-26 18:34:10,0
2013-07-26 18:34:55,0
2013-07-26 18:35:29,0
0,2013-07-26 18:41:52
2013-07-26 18:40:26,0
0,2013-07-26 18:47:19
0,2013-07-26 19:08:07
2013-07-26 18:42:51,0
2013-07-26 18:42:51,0
2013-07-26 18:43:15,0
2013-07-26 18:43:15,0
2013-07-26 18:43:39,0
2013-07-26 18:43:46,0
0,2013-07-26 19:02:48
2013-07-26 18:47:12,0
2013-07-26 18:47:55,0
2013-07-26 18:48:32,0
0,2013-07-26 18:58:44
0,2013-07-26 18:55:33
2013-07-26 18:55:56,0
0,2013-07-26 19:19:49
0,2013-07-26 19:09:00
0,2013-07-26 19:19:40
2013-07-26 18:57:27,0
0,2013-07-26 19:27:38
0,2013-07-26 19:04:12
0,2013-07-26 19:22:13
2013-07-26 18:59:54,0
2013-07-26 19:04:55,0
2013-07-26 19:04:58,0
0,2013-07-26 19:28:37
2013-07-26 19:21:52,0
0,2013-07-26 20:58:13
2013-07-26 19:22:05,0
0,2013-07-26 19:32:41
0,2013-07-26 20:57:40
2013-07-26 19:22:36,0
2013-07-26 19:25:35,0
2013-07-26 19:27:11,0
0,2013-07-26 19:45:57
0,2013-07-26 20:00:14
0,2013-07-26 19:38:02
2013-07-26 19:36:24,0
2013-07-26 19:36:32,0
2013-07-26 19:40:21,0
2013-07-26 19:42:27,0
0,2013-07-26 19:52:11
0,2013-07-26 19:51:21
2013-07-26 19:50:08,0
2013-07-26 19:50:32,0
0,2013-07-26 20:03:34
2013-07-26 19:56:05,0
0,2013-07-26 20:22:13
0,2013-07-26 20:11:04
2013-07-26 20:04:16,0
2013-07-26 20:05:09,0
2013-07-26 20:06:02,0
0,2013-07-26 20:36:24
0,2013-07-26 20:48:02
2013-07-26 20:19:05,0
2013-07-26 20:20:35,0
2013-07-26 20:21:19,0
0,2013-07-26 20:34:26
2013-07-26 20:31:37,0
0,2013-07-26 20:47:38
0,2013-07-26 20:59:26
0,2013-07-26 21:03:25
0,2013-07-26 21:26:40
2013-07-26 21:13:52,0
0,2013-07-26 21:34:45
2013-07-26 21:24:08,0
0,2013-07-26 21:59:10
0,2013-07-26 21:59:07
0,2013-07-26 21:44:36
2013-07-26 21:35:16,0
2013-07-26 21:37:02,0
0,2013-07-26 21:52:19
2013-07-26 21:58:15,0
0,2013-07-26 22:23:02
2013-07-26 22:01:35,0
2013-07-26 22:08:39,0
0,2013-07-26 22:46:59
0,2013-07-26 22:31:51
2013-07-26 22:51:07,0
0,2013-07-26 23:14:48
2013-07-26 23:01:37,0
0,2013-07-26 23:26:32
0,2013-07-26 23:23:37
0,2013-07-26 23:32:22
2013-07-26 23:23:57,0
0,2013-07-26 23:52:21
2013-07-26 23:44:20,0
2013-07-26 23:45:18,0
0,2013-07-29 19:26:45
2013-07-29 00:30:16,0
0,2013-07-29 00:56:33
0,2013-07-29 01:08:26
0,2013-07-29 03:18:34
2013-07-29 05:27:43,0
2013-07-29 05:39:47,0
2013-07-29 05:43:11,0
2013-07-29 05:57:04,0
2013-07-29 06:07:20,0
2013-07-29 06:07:44,0
2013-07-29 06:08:58,0
2013-07-29 06:12:21,0
2013-07-29 06:19:07,0
2013-07-29 06:21:07,0
2013-07-29 06:26:00,0
2013-07-29 06:28:26,0
2013-07-29 06:30:07,0
2013-07-29 06:31:17,0
2013-07-29 06:32:39,0
2013-07-29 06:37:22,0
0,2013-07-29 06:47:16
2013-07-29 06:39:42,0
2013-07-29 06:39:49,0
2013-07-29 06:41:33,0
2013-07-29 06:50:49,0
2013-07-29 06:53:12,0
2013-07-29 06:56:19,0
2013-07-29 06:57:53,0
2013-07-29 06:58:47,0
0,2013-07-29 07:27:43
0,2013-07-29 07:23:16
2013-07-29 07:15:08,0
2013-07-29 07:18:39,0
2013-07-29 07:21:42,0
0,2013-07-29 07:31:20
2013-07-29 07:25:05,0
2013-07-29 07:25:48,0
2013-07-29 07:27:46,0
0,2013-07-29 07:39:30
2013-07-29 07:29:06,0
2013-07-29 07:29:08,0
2013-07-29 07:30:00,0
2013-07-29 07:30:43,0
2013-07-29 07:32:07,0
2013-07-29 07:35:36,0
2013-07-29 07:48:51,0
0,2013-07-29 08:06:11
2013-07-29 08:08:03,0
0,2013-07-29 08:25:55
0,2013-07-29 08:41:05
0,2013-07-29 08:29:01
2013-07-29 08:25:30,0
2013-07-29 08:39:10,0
2013-07-29 08:41:24,0
2013-07-29 08:42:07,0
2013-07-29 08:46:39,0
0,2013-07-29 09:04:02
2013-07-29 08:52:03,0
2013-07-29 08:53:26,0
0,2013-07-29 09:14:05
0,2013-07-29 09:08:39
0,2013-07-29 09:08:01
2013-07-29 09:01:26,0
0,2013-07-29 09:13:28
0,2013-07-29 09:18:13
2013-07-29 09:09:26,0
2013-07-29 09:10:20,0
2013-07-29 09:14:04,0
0,2013-07-29 09:25:49
2013-07-29 09:15:28,0
2013-07-29 09:16:14,0
0,2013-07-29 09:45:32
0,2013-07-29 09:27:13
0,2013-07-29 09:24:28
2013-07-29 09:19:12,0
2013-07-29 09:23:05,0
2013-07-29 09:24:37,0
2013-07-29 09:26:07,0
0,2013-07-29 09:35:12
2013-07-29 09:28:47,0
0,2013-07-29 09:36:35
2013-07-29 09:30:39,0
0,2013-07-29 09:45:02
0,2013-07-29 09:40:53
0,2013-07-29 09:50:23
2013-07-29 09:36:54,0
2013-07-29 09:40:04,0
2013-07-29 09:41:25,0
2013-07-29 09:45:31,0
0,2013-07-29 10:03:44
0,2013-07-29 10:02:01
0,2013-07-29 10:00:14
0,2013-07-29 10:01:14
0,2013-07-29 10:11:47
2013-07-29 10:00:47,0
0,2013-07-29 10:10:26
0,2013-07-29 10:10:54
2013-07-29 10:02:21,0
2013-07-29 10:04:24,0
2013-07-29 10:05:11,0
0,2013-07-29 10:17:25
2013-07-29 10:14:31,0
2013-07-29 10:20:53,0
2013-07-29 10:21:30,0
0,2013-07-29 10:34:24
0,2013-07-29 10:42:19
2013-07-29 10:48:12,0
0,2013-07-29 11:06:21
0,2013-07-29 11:06:37
0,2013-07-29 11:07:23
2013-07-29 11:12:59,0
0,2013-07-29 11:20:57
0,2013-07-29 11:30:55
2013-07-29 11:21:51,0
0,2013-07-29 11:26:25
2013-07-29 11:22:13,0
0,2013-07-29 11:36:58
0,2013-07-29 11:40:59
0,2013-07-29 11:37:05
0,2013-07-29 11:49:41
0,2013-07-29 11:57:52
0,2013-07-29 11:54:21
2013-07-29 11:52:17,0
2013-07-29 11:53:33,0
0,2013-07-29 12:03:09
2013-07-29 12:20:06,0
2013-07-29 12:24:51,0
2013-07-29 12:25:11,0
2013-07-29 12:25:13,0
2013-07-29 12:25:16,0
2013-07-29 12:29:35,0
2013-07-29 12:39:13,0
2013-07-29 12:41:26,0
0,2013-07-29 13:02:40
2013-07-29 12:43:00,0
2013-07-29 13:00:30,0
0,2013-07-29 13:10:40
2013-07-29 13:11:19,0
0,2013-07-29 13:22:19
0,2013-07-29 13:42:10
0,2013-07-29 13:30:22
2013-07-29 13:31:44,0
2013-07-29 13:35:02,0
0,2013-07-29 13:43:00
0,2013-07-29 14:21:28
0,2013-07-29 13:42:47
2013-07-29 13:42:19,0
2013-07-29 13:49:44,0
0,2013-07-29 13:58:59
2013-07-29 13:52:17,0
0,2013-07-29 14:06:09
0,2013-07-29 14:10:54
2013-07-29 14:07:51,0
2013-07-29 14:11:52,0
2013-07-29 14:11:53,0
2013-07-29 14:13:18,0
0,2013-07-29 14:22:55
0,2013-07-29 14:39:11
0,2013-07-29 14:39:04
0,2013-07-29 14:31:51
2013-07-29 14:38:03,0
2013-07-29 14:44:19,0
0,2013-07-29 15:17:35
0,2013-07-29 15:01:12
2013-07-29 14:52:36,0
0,2013-07-29 15:08:32
0,2013-07-29 15:08:26
0,2013-07-29 15:17:11
2013-07-29 15:02:00,0
0,2013-07-29 15:23:41
0,2013-07-29 15:25:39
2013-07-29 15:09:14,0
0,2013-07-29 15:18:41
2013-07-29 15:13:24,0
0,2013-07-29 15:19:50
0,2013-07-29 15:29:14
2013-07-29 15:20:21,0
2013-07-29 15:20:42,0
0,2013-07-29 15:28:23
0,2013-07-29 15:46:30
0,2013-07-29 15:46:45
2013-07-29 15:26:36,0
0,2013-07-29 15:35:15
0,2013-07-29 15:37:21
0,2013-07-29 15:50:12
0,2013-07-29 15:50:14
0,2013-07-29 15:50:12
0,2013-07-29 15:42:51
2013-07-29 15:41:49,0
0,2013-07-29 15:45:06
0,2013-07-29 15:45:36
2013-07-29 15:43:43,0
0,2013-07-29 16:19:20
2013-07-29 15:45:47,0
2013-07-29 15:49:33,0
2013-07-29 15:50:14,0
2013-07-29 15:50:33,0
2013-07-29 15:50:36,0
2013-07-29 15:50:51,0
0,2013-07-29 16:21:32
0,2013-07-29 16:04:11
0,2013-07-29 16:04:29
0,2013-07-29 16:04:56
0,2013-07-29 16:09:01
2013-07-29 16:00:33,0
0,2013-07-29 16:19:00
0,2013-07-29 16:19:01
2013-07-29 16:02:34,0
2013-07-29 16:03:12,0
0,2013-07-29 16:18:29
0,2013-07-29 16:30:06
2013-07-29 16:15:16,0
0,2013-07-29 16:30:29
2013-07-29 16:18:53,0
0,2013-07-29 16:29:25
2013-07-29 16:20:26,0
0,2013-07-29 16:29:26
0,2013-07-29 16:39:19
0,2013-07-29 16:36:54
0,2013-07-29 16:43:50
0,2013-07-29 16:47:20
0,2013-07-29 16:52:15
0,2013-07-29 16:50:20
2013-07-29 16:40:22,0
2013-07-29 16:43:01,0
2013-07-29 16:43:14,0
2013-07-29 16:45:13,0
2013-07-29 16:49:17,0
0,2013-07-29 17:33:26
0,2013-07-29 17:00:05
0,2013-07-29 16:58:00
2013-07-29 16:51:47,0
2013-07-29 16:53:28,0
2013-07-29 16:53:35,0
0,2013-07-29 17:12:44
2013-07-29 16:55:46,0
2013-07-29 16:57:35,0
0,2013-07-29 17:11:42
0,2013-07-29 17:13:06
2013-07-29 17:05:22,0
0,2013-07-29 17:34:28
0,2013-07-29 17:19:09
0,2013-07-29 17:36:39
0,2013-07-29 17:16:03
0,2013-07-29 17:24:31
0,2013-07-29 17:25:45
2013-07-29 17:13:24,0
2013-07-29 17:16:57,0
2013-07-29 17:16:58,0
2013-07-29 17:18:09,0
0,2013-07-29 17:32:36
2013-07-29 17:19:27,0
0,2013-07-29 17:29:59
0,2013-07-29 17:35:12
2013-07-29 17:24:26,0
0,2013-07-29 17:40:51
0,2013-07-29 18:02:30
2013-07-29 17:28:12,0
0,2013-07-29 17:38:50
0,2013-07-29 18:03:36
0,2013-07-29 17:33:20
0,2013-07-29 17:46:18
0,2013-07-29 18:00:22
0,2013-07-29 17:56:49
0,2013-07-29 17:51:42
0,2013-07-29 17:55:08
0,2013-07-29 17:43:37
0,2013-07-29 17:49:20
0,2013-07-29 17:56:08
0,2013-07-29 17:51:35
0,2013-07-29 18:11:13
0,2013-07-29 17:49:34
2013-07-29 17:42:44,0
0,2013-07-29 17:55:51
2013-07-29 17:43:38,0
2013-07-29 17:43:56,0
0,2013-07-29 17:56:14
0,2013-07-29 17:53:35
2013-07-29 17:46:47,0
2013-07-29 17:47:55,0
0,2013-07-29 17:53:37
2013-07-29 17:49:24,0
2013-07-29 17:50:22,0
0,2013-07-29 18:01:57
2013-07-29 17:52:10,0
0,2013-07-29 18:06:54
0,2013-07-29 18:07:00
0,2013-07-29 18:22:20
0,2013-07-29 18:10:49
0,2013-07-29 18:28:08
2013-07-29 18:01:48,0
2013-07-29 18:02:59,0
2013-07-29 18:03:04,0
0,2013-07-29 18:09:31
0,2013-07-29 18:17:11
0,2013-07-29 18:21:50
2013-07-29 18:06:03,0
0,2013-07-29 18:17:26
0,2013-07-29 18:16:50
2013-07-29 18:09:26,0
2013-07-29 18:10:45,0
0,2013-07-29 18:24:13
0,2013-07-29 18:20:17
2013-07-29 18:15:10,0
0,2013-07-29 18:21:54
0,2013-07-29 18:37:24
2013-07-29 18:15:45,0
2013-07-29 18:16:27,0
2013-07-29 18:19:46,0
2013-07-29 18:21:12,0
2013-07-29 18:21:54,0
2013-07-29 18:22:11,0
2013-07-29 18:23:30,0
2013-07-29 18:27:05,0
2013-07-29 18:27:19,0
0,2013-07-29 18:32:35
2013-07-29 18:28:10,0
2013-07-29 18:29:28,0
2013-07-29 18:31:19,0
0,2013-07-29 18:42:39
2013-07-29 18:33:21,0
0,2013-07-29 18:42:46
2013-07-29 18:39:51,0
2013-07-29 18:41:23,0
2013-07-29 18:43:41,0
0,2013-07-29 19:10:14
2013-07-29 18:45:47,0
2013-07-29 18:48:01,0
2013-07-29 18:49:26,0
2013-07-29 18:52:05,0
2013-07-29 18:52:43,0
0,2013-07-29 19:01:34
2013-07-29 18:53:23,0
2013-07-29 18:56:01,0
2013-07-29 18:56:32,0
0,2013-07-29 19:19:05
0,2013-07-29 19:06:53
2013-07-29 18:59:46,0
2013-07-29 19:01:23,0
0,2013-07-29 19:04:30
0,2013-07-29 19:08:38
0,2013-07-29 19:13:39
0,2013-07-29 19:21:12
0,2013-07-29 19:25:51
2013-07-29 19:06:13,0
2013-07-29 19:06:13,0
0,2013-07-29 19:16:14
2013-07-29 19:09:37,0
0,2013-07-29 19:18:19
2013-07-29 19:14:10,0
0,2013-07-29 19:27:39
0,2013-07-29 19:27:55
0,2013-07-29 19:44:15
0,2013-07-29 19:59:26
0,2013-07-29 19:41:42
0,2013-07-29 19:41:46
2013-07-29 19:28:29,0
0,2013-07-29 19:33:20
2013-07-29 19:28:37,0
0,2013-07-29 20:09:20
2013-07-29 19:33:18,0
0,2013-07-29 19:41:39
0,2013-07-29 19:53:07
2013-07-29 19:38:43,0
2013-07-29 19:40:08,0
2013-07-29 19:43:08,0
2013-07-29 19:43:24,0
2013-07-29 19:43:56,0
2013-07-29 19:46:41,0
0,2013-07-29 19:59:14
0,2013-07-29 19:57:29
0,2013-07-29 20:12:00
2013-07-29 19:57:33,0
0,2013-07-29 20:07:18
2013-07-29 19:58:28,0
0,2013-07-29 20:19:45
2013-07-29 19:59:05,0
2013-07-29 20:07:04,0
2013-07-29 20:12:07,0
2013-07-29 20:14:02,0
0,2013-07-29 20:22:19
2013-07-29 20:14:28,0
0,2013-07-29 20:41:32
0,2013-07-29 20:27:49
0,2013-07-29 20:44:56
2013-07-29 20:36:30,0
2013-07-29 20:42:38,0
0,2013-07-29 21:14:20
0,2013-07-29 20:56:20
0,2013-07-29 20:55:47
2013-07-29 20:54:43,0
0,2013-07-29 21:40:02
0,2013-07-29 21:28:51
2013-07-29 21:27:58,0
2013-07-29 21:36:01,0
2013-07-29 21:45:14,0
2013-07-29 22:06:46,0
2013-07-29 22:15:44,0
0,2013-07-29 22:27:20
0,2013-07-29 22:34:58
0,2013-07-29 22:29:28
0,2013-07-29 22:26:33
0,2013-07-29 22:33:05
0,2013-07-29 22:33:10
0,2013-07-29 22:39:06
2013-07-29 22:38:25,0
0,2013-07-29 22:53:56
0,2013-07-29 23:13:57
0,2013-07-29 23:13:59
0,2013-07-30 01:45:14
2013-07-30 04:47:39,0
0,2013-07-30 05:32:00
0,2013-07-30 06:04:40
2013-07-30 05:59:11,0
2013-07-30 06:12:19,0
2013-07-30 06:15:14,0
2013-07-30 06:15:44,0
2013-07-30 06:15:49,0
2013-07-30 06:18:58,0
2013-07-30 06:19:01,0
2013-07-30 06:20:18,0
2013-07-30 06:21:04,0
2013-07-30 06:23:10,0
2013-07-30 06:28:50,0
2013-07-30 06:31:04,0
2013-07-30 06:32:49,0
2013-07-30 06:35:24,0
2013-07-30 06:39:29,0
2013-07-30 06:45:48,0
2013-07-30 06:47:39,0
2013-07-30 06:48:31,0
2013-07-30 06:51:44,0
2013-07-30 06:55:17,0
2013-07-30 06:56:11,0
2013-07-30 06:57:21,0
2013-07-30 06:58:06,0
2013-07-30 07:00:14,0
2013-07-30 07:03:39,0
2013-07-30 07:03:50,0
0,2013-07-30 07:27:40
2013-07-30 07:04:27,0
2013-07-30 07:05:04,0
0,2013-07-30 07:24:24
0,2013-07-30 07:34:50
2013-07-30 07:28:36,0
2013-07-30 07:30:34,0
0,2013-07-30 07:47:20
2013-07-30 07:38:35,0
0,2013-07-30 07:43:46
0,2013-07-30 07:56:09
2013-07-30 07:45:02,0
2013-07-30 07:46:57,0
2013-07-30 07:55:49,0
0,2013-07-30 08:03:19
2013-07-30 07:58:28,0
2013-07-30 08:04:27,0
2013-07-30 08:05:31,0
0,2013-07-30 08:09:19
0,2013-07-30 08:25:27
0,2013-07-30 08:50:29
2013-07-30 08:24:34,0
0,2013-07-30 08:34:52
0,2013-07-30 08:41:21
0,2013-07-30 08:42:13
2013-07-30 08:37:05,0
0,2013-07-30 08:49:34
2013-07-30 08:43:34,0
2013-07-30 08:44:29,0
0,2013-07-30 08:52:54
0,2013-07-30 09:38:09
0,2013-07-30 09:32:06
2013-07-30 08:49:47,0
0,2013-07-30 09:00:07
2013-07-30 08:51:03,0
2013-07-30 08:55:57,0
0,2013-07-30 09:06:59
2013-07-30 08:58:58,0
2013-07-30 09:02:16,0
0,2013-07-30 09:26:37
0,2013-07-30 09:29:12
0,2013-07-30 09:28:50
2013-07-30 09:20:28,0
0,2013-07-30 09:28:53
0,2013-07-30 09:33:33
2013-07-30 09:27:13,0
2013-07-30 09:29:26,0
2013-07-30 09:31:28,0
2013-07-30 09:32:34,0
2013-07-30 09:33:32,0
0,2013-07-30 09:44:32
2013-07-30 09:35:09,0
0,2013-07-30 09:42:23
0,2013-07-30 09:46:39
2013-07-30 09:43:04,0
2013-07-30 09:44:57,0
2013-07-30 09:47:05,0
0,2013-07-30 10:04:04
0,2013-07-30 10:04:27
0,2013-07-30 10:16:29
0,2013-07-30 10:11:10
0,2013-07-30 10:08:32
0,2013-07-30 10:14:02
0,2013-07-30 10:24:32
0,2013-07-30 10:18:27
0,2013-07-30 10:30:27
2013-07-30 10:25:35,0
2013-07-30 10:25:58,0
0,2013-07-30 10:38:51
0,2013-07-30 10:46:04
2013-07-30 10:46:29,0
0,2013-07-30 10:55:35
0,2013-07-30 11:27:50
2013-07-30 10:49:18,0
0,2013-07-30 10:57:43
2013-07-30 10:55:37,0
2013-07-30 10:55:43,0
2013-07-30 10:56:48,0
2013-07-30 10:57:44,0
2013-07-30 10:59:01,0
0,2013-07-30 11:08:24
2013-07-30 11:14:04,0
0,2013-07-30 12:00:57
0,2013-07-30 11:51:15
2013-07-30 11:50:10,0
2013-07-30 11:50:13,0
2013-07-30 11:51:19,0
2013-07-30 12:01:07,0
0,2013-07-30 12:22:06
0,2013-07-30 12:38:32
0,2013-07-30 12:25:20
2013-07-30 12:22:33,0
0,2013-07-30 12:31:39
0,2013-07-30 12:32:07
2013-07-30 12:27:33,0
2013-07-30 12:43:12,0
2013-07-30 12:44:07,0
2013-07-30 12:47:00,0
2013-07-30 12:47:27,0
2013-07-30 12:51:45,0
0,2013-07-30 12:58:34
0,2013-07-30 13:06:05
2013-07-30 12:56:29,0
2013-07-30 12:57:21,0
0,2013-07-30 13:11:32
0,2013-07-30 13:17:55
2013-07-30 13:11:28,0
0,2013-07-30 13:20:12
2013-07-30 13:15:26,0
0,2013-07-30 13:31:18
2013-07-30 13:20:01,0
0,2013-07-30 13:53:25
2013-07-30 13:31:58,0
2013-07-30 13:35:28,0
0,2013-07-30 14:12:11
2013-07-30 13:45:30,0
0,2013-07-30 13:55:23
0,2013-07-30 13:59:12
0,2013-07-30 13:55:07
2013-07-30 13:54:16,0
2013-07-30 13:54:26,0
0,2013-07-30 14:07:53
2013-07-30 13:58:27,0
0,2013-07-30 14:21:11
2013-07-30 14:03:33,0
0,2013-07-30 14:25:29
0,2013-07-30 14:28:04
2013-07-30 14:12:39,0
0,2013-07-30 14:28:11
2013-07-30 14:16:32,0
0,2013-07-30 14:40:40
2013-07-30 14:32:39,0
0,2013-07-30 14:45:51
2013-07-30 14:48:17,0
2013-07-30 14:48:51,0
0,2013-07-30 15:10:22
2013-07-30 14:52:42,0
0,2013-07-30 15:00:22
0,2013-07-30 15:20:15
0,2013-07-30 15:12:01
0,2013-07-30 15:21:09
2013-07-30 15:11:21,0
2013-07-30 15:17:47,0
0,2013-07-30 15:30:56
2013-07-30 15:22:24,0
0,2013-07-30 15:31:58
2013-07-30 15:28:03,0
0,2013-07-30 15:47:47
0,2013-07-30 15:43:55
2013-07-30 15:32:36,0
0,2013-07-30 15:38:14
2013-07-30 15:40:12,0
0,2013-07-30 15:43:25
2013-07-30 15:44:38,0
0,2013-07-30 15:58:15
2013-07-30 15:51:36,0
0,2013-07-30 16:10:04
2013-07-30 16:01:49,0
0,2013-07-30 16:32:15
2013-07-30 16:07:14,0
0,2013-07-30 16:18:24
0,2013-07-30 16:27:47
2013-07-30 16:22:36,0
0,2013-07-30 16:37:47
2013-07-30 16:35:53,0
0,2013-07-30 17:16:18
2013-07-30 16:37:26,0
2013-07-30 16:39:12,0
2013-07-30 16:41:35,0
2013-07-30 16:43:03,0
2013-07-30 16:44:23,0
0,2013-07-30 16:59:09
0,2013-07-30 17:00:09
0,2013-07-30 17:00:21
0,2013-07-30 17:20:04
0,2013-07-30 17:00:23
0,2013-07-30 17:02:36
0,2013-07-30 17:02:06
2013-07-30 16:54:19,0
0,2013-07-30 17:00:53
0,2013-07-30 17:11:01
2013-07-30 16:58:11,0
2013-07-30 17:00:47,0
0,2013-07-30 17:14:31
0,2013-07-30 17:11:42
0,2013-07-30 17:12:09
0,2013-07-30 17:14:15
0,2013-07-30 17:19:34
0,2013-07-30 17:14:42
0,2013-07-30 17:12:41
0,2013-07-30 17:17:08
0,2013-07-30 17:21:00
0,2013-07-30 17:26:01
0,2013-07-30 17:19:28
0,2013-07-30 17:29:47
0,2013-07-30 17:35:25
0,2013-07-30 17:26:28
0,2013-07-30 17:27:19
0,2013-07-30 17:23:24
0,2013-07-30 17:34:22
0,2013-07-30 17:29:49
0,2013-07-30 17:25:11
0,2013-07-30 17:27:31
0,2013-07-30 17:34:37
2013-07-30 17:20:02,0
0,2013-07-30 17:31:09
0,2013-07-30 17:49:03
0,2013-07-30 17:35:14
2013-07-30 17:25:21,0
0,2013-07-30 17:35:15
2013-07-30 17:26:31,0
0,2013-07-30 17:35:53
2013-07-30 17:27:29,0
2013-07-30 17:28:19,0
2013-07-30 17:28:42,0
0,2013-07-30 17:37:04
2013-07-30 17:29:12,0
0,2013-07-30 17:40:19
2013-07-30 17:36:27,0
0,2013-07-30 17:55:05
0,2013-07-30 17:50:17
2013-07-30 17:39:13,0
2013-07-30 17:45:58,0
0,2013-07-30 18:16:20
2013-07-30 17:48:39,0
0,2013-07-30 18:02:34
0,2013-07-30 18:18:23
0,2013-07-30 18:06:13
2013-07-30 17:54:47,0
0,2013-07-30 18:00:58
0,2013-07-30 18:15:16
0,2013-07-30 18:17:17
0,2013-07-30 18:13:07
2013-07-30 18:02:46,0
2013-07-30 18:02:56,0
0,2013-07-30 18:39:36
0,2013-07-30 18:18:36
2013-07-30 18:09:33,0
0,2013-07-30 18:20:37
2013-07-30 18:09:51,0
0,2013-07-30 18:16:18
0,2013-07-30 18:17:55
2013-07-30 18:11:20,0
0,2013-07-30 18:33:40
2013-07-30 18:12:41,0
2013-07-30 18:13:04,0
2013-07-30 18:13:26,0
2013-07-30 18:13:38,0
2013-07-30 18:16:27,0
2013-07-30 18:17:32,0
2013-07-30 18:19:19,0
0,2013-07-30 18:38:24
0,2013-07-30 18:33:02
0,2013-07-30 18:52:46
2013-07-30 18:25:12,0
0,2013-07-30 18:52:45
2013-07-30 18:26:14,0
2013-07-30 18:27:56,0
2013-07-30 18:28:31,0
2013-07-30 18:28:44,0
0,2013-07-30 18:31:57
2013-07-30 18:28:56,0
2013-07-30 18:30:47,0
0,2013-07-30 18:38:09
2013-07-30 18:31:44,0
2013-07-30 18:32:36,0
0,2013-07-30 18:48:54
0,2013-07-30 18:43:59
2013-07-30 18:35:37,0
2013-07-30 18:37:10,0
2013-07-30 18:37:29,0
2013-07-30 18:40:13,0
2013-07-30 18:44:00,0
2013-07-30 18:44:32,0
0,2013-07-30 19:08:46
0,2013-07-30 18:53:08
2013-07-30 18:45:57,0
0,2013-07-30 18:54:42
0,2013-07-30 19:10:04
2013-07-30 18:50:32,0
2013-07-30 18:51:56,0
2013-07-30 18:53:50,0
0,2013-07-30 19:08:49
0,2013-07-30 19:08:48
2013-07-30 19:00:38,0
2013-07-30 19:03:18,0
0,2013-07-30 19:19:39
2013-07-30 19:04:35,0
2013-07-30 19:05:33,0
0,2013-07-30 19:19:26
2013-07-30 19:08:12,0
0,2013-07-30 19:12:58
0,2013-07-30 19:25:18
0,2013-07-30 19:20:52
0,2013-07-30 19:23:15
2013-07-30 19:21:59,0
2013-07-30 19:23:35,0
2013-07-30 19:24:40,0
2013-07-30 19:25:10,0
2013-07-30 19:25:11,0
0,2013-07-30 19:42:18
2013-07-30 19:28:43,0
0,2013-07-30 19:35:01
2013-07-30 19:31:54,0
0,2013-07-30 19:42:24
2013-07-30 19:37:54,0
2013-07-30 19:42:43,0
2013-07-30 19:43:03,0
0,2013-07-30 19:57:38
2013-07-30 19:51:41,0
2013-07-30 19:51:53,0
2013-07-30 19:52:22,0
2013-07-30 19:52:57,0
2013-07-30 19:53:13,0
2013-07-30 19:55:38,0
2013-07-30 20:01:11,0
0,2013-07-30 20:39:16
2013-07-30 20:16:27,0
0,2013-07-30 20:21:32
2013-07-30 20:24:28,0
2013-07-30 20:26:46,0
2013-07-30 20:35:30,0
0,2013-07-30 20:49:18
2013-07-30 20:41:15,0
0,2013-07-30 21:14:54
2013-07-30 20:44:40,0
0,2013-07-30 20:55:21
0,2013-07-30 21:00:05
2013-07-30 20:48:24,0
2013-07-30 20:54:27,0
0,2013-07-30 21:04:37
0,2013-07-30 21:20:17
2013-07-30 21:19:21,0
2013-07-30 21:19:50,0
0,2013-07-30 21:36:06
2013-07-30 21:20:56,0
2013-07-30 21:27:16,0
2013-07-30 21:27:57,0
2013-07-30 21:28:54,0
2013-07-30 21:32:40,0
2013-07-30 21:34:31,0
2013-07-30 21:41:02,0
2013-07-30 21:41:35,0
2013-07-30 21:42:27,0
0,2013-07-30 22:25:59
0,2013-07-30 21:52:47
0,2013-07-30 21:53:21
0,2013-07-30 22:07:58
2013-07-30 21:56:53,0
0,2013-07-30 22:15:57
2013-07-30 22:09:53,0
2013-07-30 22:10:49,0
0,2013-07-30 22:27:31
2013-07-30 22:24:44,0
2013-07-30 22:24:58,0
2013-07-30 22:25:33,0
2013-07-30 22:30:43,0
2013-07-30 22:33:59,0
0,2013-07-30 22:41:57
0,2013-07-30 22:47:49
2013-07-30 22:37:47,0
2013-07-30 22:39:51,0
2013-07-30 22:40:26,0
0,2013-07-30 23:13:55
0,2013-07-30 23:09:55
0,2013-07-30 22:47:46
2013-07-30 22:46:44,0
0,2013-07-30 23:09:17
0,2013-07-30 23:09:49
2013-07-30 23:17:07,0
2013-07-30 23:23:17,0
2013-07-30 23:30:37,0
0,2013-07-31 00:10:59
0,2013-07-31 00:10:51
0,2013-07-31 00:40:51
0,2013-07-31 00:40:58
0,2013-07-31 00:31:33
0,2013-07-31 00:52:36
2013-07-31 02:11:27,0
2013-07-31 05:31:08,0
0,2013-07-31 05:49:25
2013-07-31 05:46:29,0
0,2013-07-31 06:14:00
2013-07-31 06:02:26,0
2013-07-31 06:10:15,0
0,2013-07-31 06:19:44
2013-07-31 06:15:37,0
2013-07-31 06:18:53,0
2013-07-31 06:19:15,0
2013-07-31 06:19:44,0
2013-07-31 06:21:02,0
2013-07-31 06:26:10,0
2013-07-31 06:29:17,0
2013-07-31 06:29:26,0
2013-07-31 06:32:43,0
2013-07-31 06:39:18,0
2013-07-31 06:41:02,0
2013-07-31 06:46:30,0
2013-07-31 06:47:00,0
2013-07-31 06:47:07,0
2013-07-31 06:48:58,0
2013-07-31 06:49:10,0
0,2013-07-31 06:55:33
0,2013-07-31 07:23:11
2013-07-31 06:56:47,0
2013-07-31 06:59:31,0
2013-07-31 06:59:48,0
2013-07-31 07:00:36,0
2013-07-31 07:09:49,0
0,2013-07-31 07:24:44
2013-07-31 07:13:11,0
2013-07-31 07:13:55,0
0,2013-07-31 07:15:07
0,2013-07-31 07:46:38
2013-07-31 07:15:17,0
2013-07-31 07:17:22,0
2013-07-31 07:27:12,0
2013-07-31 07:27:51,0
0,2013-07-31 07:38:54
0,2013-07-31 07:51:09
2013-07-31 07:41:29,0
0,2013-07-31 07:59:54
2013-07-31 07:49:00,0
2013-07-31 07:49:47,0
2013-07-31 07:50:11,0
2013-07-31 07:59:10,0
0,2013-07-31 08:17:21
2013-07-31 08:18:55,0
0,2013-07-31 08:35:16
0,2013-07-31 08:33:12
0,2013-07-31 08:40:59
2013-07-31 08:33:35,0
2013-07-31 08:35:30,0
0,2013-07-31 08:42:29
0,2013-07-31 08:43:47
0,2013-07-31 08:52:37
0,2013-07-31 08:52:47
2013-07-31 08:46:48,0
0,2013-07-31 08:57:57
0,2013-07-31 08:58:37
2013-07-31 08:51:20,0
2013-07-31 08:51:45,0
0,2013-07-31 09:11:49
0,2013-07-31 09:08:54
2013-07-31 08:58:03,0
0,2013-07-31 10:17:14
2013-07-31 09:02:02,0
2013-07-31 09:02:09,0
2013-07-31 09:10:00,0
0,2013-07-31 09:22:59
2013-07-31 09:14:26,0
0,2013-07-31 09:33:05
2013-07-31 09:23:17,0
0,2013-07-31 09:57:55
0,2013-07-31 09:36:13
0,2013-07-31 09:40:53
2013-07-31 09:33:30,0
0,2013-07-31 09:40:34
2013-07-31 09:36:33,0
2013-07-31 09:41:20,0
2013-07-31 09:41:33,0
0,2013-07-31 10:07:39
0,2013-07-31 09:57:43
0,2013-07-31 10:01:03
0,2013-07-31 10:01:08
0,2013-07-31 10:11:40
0,2013-07-31 10:31:16
0,2013-07-31 10:08:54
2013-07-31 10:01:35,0
2013-07-31 10:02:07,0
2013-07-31 10:03:01,0
0,2013-07-31 10:14:59
0,2013-07-31 10:09:22
0,2013-07-31 10:24:27
2013-07-31 10:14:15,0
2013-07-31 10:17:51,0
2013-07-31 10:18:12,0
0,2013-07-31 10:22:09
2013-07-31 10:19:35,0
2013-07-31 10:21:12,0
0,2013-07-31 10:46:22
2013-07-31 10:27:10,0
0,2013-07-31 10:45:55
0,2013-07-31 10:44:50
0,2013-07-31 10:51:21
2013-07-31 10:42:50,0
2013-07-31 10:44:34,0
2013-07-31 10:45:30,0
2013-07-31 10:46:33,0
2013-07-31 10:48:40,0
2013-07-31 10:52:52,0
0,2013-07-31 11:17:13
0,2013-07-31 11:16:50
0,2013-07-31 11:13:29
0,2013-07-31 11:18:44
2013-07-31 11:14:25,0
0,2013-07-31 11:28:52
0,2013-07-31 11:39:13
2013-07-31 11:29:54,0
2013-07-31 11:32:44,0
0,2013-07-31 11:45:00
2013-07-31 11:34:52,0
0,2013-07-31 11:48:22
2013-07-31 11:40:04,0
2013-07-31 11:40:11,0
0,2013-07-31 11:53:25
2013-07-31 11:49:05,0
2013-07-31 11:50:49,0
0,2013-07-31 11:56:14
2013-07-31 11:57:58,0
0,2013-07-31 12:15:06
2013-07-31 12:04:39,0
0,2013-07-31 12:25:38
2013-07-31 12:07:11,0
0,2013-07-31 12:21:28
0,2013-07-31 12:25:34
2013-07-31 12:21:20,0
2013-07-31 12:24:20,0
2013-07-31 12:28:01,0
2013-07-31 12:28:51,0
0,2013-07-31 12:48:29
2013-07-31 12:39:57,0
0,2013-07-31 12:54:25
0,2013-07-31 12:56:58
2013-07-31 12:53:35,0
0,2013-07-31 12:58:59
0,2013-07-31 13:04:14
2013-07-31 13:00:21,0
0,2013-07-31 13:07:28
0,2013-07-31 13:10:22
0,2013-07-31 13:24:12
2013-07-31 13:08:14,0
2013-07-31 13:09:56,0
2013-07-31 13:13:20,0
2013-07-31 13:13:31,0
2013-07-31 13:15:52,0
0,2013-07-31 13:49:01
0,2013-07-31 13:39:09
0,2013-07-31 13:39:31
0,2013-07-31 13:56:10
0,2013-07-31 13:54:23
2013-07-31 13:49:12,0
2013-07-31 13:50:24,0
0,2013-07-31 14:14:06
0,2013-07-31 14:17:48
0,2013-07-31 14:10:18
0,2013-07-31 15:10:02
2013-07-31 14:03:06,0
0,2013-07-31 14:22:33
2013-07-31 14:15:37,0
0,2013-07-31 14:20:00
0,2013-07-31 14:22:54
2013-07-31 14:21:02,0
2013-07-31 14:23:09,0
0,2013-07-31 14:40:45
0,2013-07-31 14:43:56
2013-07-31 14:37:21,0
2013-07-31 14:38:11,0
2013-07-31 14:38:34,0
2013-07-31 14:41:59,0
2013-07-31 14:44:08,0
0,2013-07-31 15:03:13
0,2013-07-31 15:04:53
2013-07-31 15:03:25,0
0,2013-07-31 15:27:19
0,2013-07-31 15:27:01
2013-07-31 15:15:00,0
0,2013-07-31 15:29:10
2013-07-31 15:15:40,0
2013-07-31 15:18:58,0
0,2013-07-31 15:43:58
2013-07-31 15:46:44,0
2013-07-31 15:47:49,0
2013-07-31 15:47:49,0
2013-07-31 15:50:09,0
0,2013-07-31 16:09:51
0,2013-07-31 16:14:04
0,2013-07-31 16:16:32
2013-07-31 16:08:43,0
0,2013-07-31 16:25:05
2013-07-31 16:19:48,0
2013-07-31 16:22:35,0
2013-07-31 16:23:23,0
2013-07-31 16:27:58,0
0,2013-07-31 16:48:45
0,2013-07-31 16:47:43
2013-07-31 16:40:20,0
0,2013-07-31 16:48:14
0,2013-07-31 16:48:00
0,2013-07-31 16:47:29
0,2013-07-31 16:58:39
0,2013-07-31 17:13:18
0,2013-07-31 16:55:28
2013-07-31 16:47:37,0
0,2013-07-31 16:58:05
0,2013-07-31 17:13:06
0,2013-07-31 17:16:03
0,2013-07-31 17:06:40
2013-07-31 16:55:26,0
0,2013-07-31 17:11:19
0,2013-07-31 17:12:05
0,2013-07-31 17:08:55
2013-07-31 17:01:56,0
2013-07-31 17:02:57,0
0,2013-07-31 17:18:06
2013-07-31 17:05:10,0
0,2013-07-31 17:14:50
0,2013-07-31 17:33:59
0,2013-07-31 17:21:36
0,2013-07-31 17:24:45
2013-07-31 17:10:20,0
0,2013-07-31 17:20:52
2013-07-31 17:15:09,0
0,2013-07-31 17:30:13
2013-07-31 17:16:16,0
0,2013-07-31 17:26:43
2013-07-31 17:17:33,0
0,2013-07-31 17:31:54
0,2013-07-31 17:44:55
0,2013-07-31 17:27:50
0,2013-07-31 17:30:30
0,2013-07-31 17:36:15
0,2013-07-31 17:41:07
0,2013-07-31 17:41:15
0,2013-07-31 17:29:17
2013-07-31 17:26:17,0
0,2013-07-31 17:41:44
2013-07-31 17:27:12,0
2013-07-31 17:28:14,0
2013-07-31 17:28:22,0
0,2013-07-31 17:42:06
2013-07-31 17:30:28,0
2013-07-31 17:33:25,0
0,2013-07-31 17:46:54
0,2013-07-31 17:57:48
0,2013-07-31 17:44:29
0,2013-07-31 17:43:10
0,2013-07-31 18:17:51
2013-07-31 17:37:14,0
0,2013-07-31 17:56:00
0,2013-07-31 17:53:20
2013-07-31 17:39:10,0
2013-07-31 17:39:56,0
0,2013-07-31 17:56:54
0,2013-07-31 18:19:18
2013-07-31 17:46:06,0
0,2013-07-31 18:13:51
0,2013-07-31 17:56:27
2013-07-31 17:47:39,0
0,2013-07-31 17:55:05
0,2013-07-31 18:08:02
2013-07-31 17:52:18,0
0,2013-07-31 18:06:54
2013-07-31 17:53:14,0
0,2013-07-31 18:06:48
0,2013-07-31 18:06:22
2013-07-31 17:55:10,0
2013-07-31 17:56:00,0
2013-07-31 17:57:54,0
0,2013-07-31 18:07:47
2013-07-31 17:58:20,0
0,2013-07-31 18:15:10
0,2013-07-31 18:16:39
2013-07-31 18:03:42,0
0,2013-07-31 18:18:17
0,2013-07-31 18:12:37
0,2013-07-31 18:25:55
0,2013-07-31 18:32:40
2013-07-31 18:11:07,0
2013-07-31 18:11:09,0
2013-07-31 18:11:45,0
2013-07-31 18:12:56,0
2013-07-31 18:13:56,0
0,2013-07-31 18:23:42
0,2013-07-31 18:27:53
2013-07-31 18:14:36,0
0,2013-07-31 18:50:28
2013-07-31 18:16:48,0
0,2013-07-31 18:28:28
0,2013-07-31 18:31:07
2013-07-31 18:20:02,0
2013-07-31 18:20:28,0
2013-07-31 18:22:46,0
0,2013-07-31 18:58:01
0,2013-07-31 18:26:11
0,2013-07-31 18:35:27
0,2013-07-31 18:43:08
2013-07-31 18:25:30,0
0,2013-07-31 18:41:10
0,2013-07-31 18:34:07
0,2013-07-31 18:55:02
0,2013-07-31 18:38:18
2013-07-31 18:29:30,0
2013-07-31 18:30:12,0
0,2013-07-31 18:38:29
0,2013-07-31 18:51:57
2013-07-31 18:31:18,0
0,2013-07-31 19:02:04
2013-07-31 18:40:00,0
0,2013-07-31 19:06:41
2013-07-31 18:41:57,0
0,2013-07-31 18:49:06
2013-07-31 18:49:43,0
0,2013-07-31 19:00:09
0,2013-07-31 18:58:04
2013-07-31 18:51:04,0
2013-07-31 18:51:56,0
2013-07-31 18:55:35,0
0,2013-07-31 19:03:10
0,2013-07-31 19:06:55
2013-07-31 19:01:27,0
2013-07-31 19:02:13,0
2013-07-31 19:04:02,0
2013-07-31 19:05:43,0
2013-07-31 19:07:12,0
0,2013-07-31 19:18:23
2013-07-31 19:13:42,0
2013-07-31 19:13:50,0
2013-07-31 19:14:15,0
0,2013-07-31 19:31:32
2013-07-31 19:17:59,0
0,2013-07-31 19:38:10
2013-07-31 19:22:41,0
2013-07-31 19:23:07,0
0,2013-07-31 19:31:04
0,2013-07-31 19:40:50
2013-07-31 19:25:26,0
0,2013-07-31 19:34:59
2013-07-31 19:28:43,0
2013-07-31 19:29:01,0
2013-07-31 19:29:03,0
2013-07-31 19:29:47,0
2013-07-31 19:30:55,0
0,2013-07-31 20:03:14
2013-07-31 19:32:15,0
2013-07-31 19:32:49,0
2013-07-31 19:34:16,0
2013-07-31 19:36:41,0
2013-07-31 19:37:16,0
2013-07-31 19:38:15,0
2013-07-31 19:38:57,0
2013-07-31 19:39:46,0
2013-07-31 19:43:21,0
0,2013-07-31 20:09:51
2013-07-31 19:46:07,0
0,2013-07-31 19:54:36
2013-07-31 19:51:45,0
2013-07-31 19:53:43,0
2013-07-31 19:56:16,0
2013-07-31 19:56:27,0
0,2013-07-31 20:20:59
0,2013-07-31 20:34:48
2013-07-31 19:58:59,0
0,2013-07-31 20:17:23
0,2013-07-31 20:16:19
0,2013-07-31 20:19:06
2013-07-31 20:12:56,0
2013-07-31 20:16:12,0
2013-07-31 20:23:41,0
0,2013-07-31 20:48:13
0,2013-07-31 20:45:59
0,2013-07-31 20:38:52
2013-07-31 20:33:41,0
2013-07-31 20:35:52,0
0,2013-07-31 20:48:28
0,2013-07-31 20:47:34
0,2013-07-31 21:21:49
2013-07-31 20:45:32,0
2013-07-31 20:46:39,0
0,2013-07-31 21:14:47
2013-07-31 20:50:26,0
0,2013-07-31 21:11:46
2013-07-31 21:06:15,0
2013-07-31 21:16:26,0
0,2013-07-31 21:26:25
0,2013-07-31 21:23:36
2013-07-31 21:27:11,0
2013-07-31 21:28:41,0
2013-07-31 21:33:10,0
0,2013-07-31 21:46:19
2013-07-31 21:36:32,0
2013-07-31 21:37:40,0
2013-07-31 21:38:33,0
2013-07-31 21:44:57,0
0,2013-07-31 21:58:44
0,2013-07-31 22:20:13
2013-07-31 21:54:40,0
2013-07-31 21:58:00,0
0,2013-07-31 22:12:28
2013-07-31 22:10:25,0
0,2013-07-31 22:39:44
0,2013-07-31 22:55:56
2013-07-31 22:30:15,0
2013-07-31 22:30:48,0
2013-07-31 22:32:51,0
2013-07-31 22:35:58,0
0,2013-07-31 22:44:01
2013-07-31 22:40:54,0
2013-07-31 22:42:12,0
2013-07-31 22:43:17,0
2013-07-31 22:45:42,0
0,2013-07-31 22:53:35
0,2013-07-31 22:53:40
2013-07-31 22:56:39,0
0,2013-07-31 23:10:14
0,2013-07-31 23:26:43
2013-07-31 23:07:20,0
2013-07-31 23:16:46,0
2013-07-31 23:18:28,0
0,2013-07-31 23:42:38
0,2013-07-31 23:48:30
2013-07-31 23:42:13,0
0,2013-08-01 00:14:49
2013-07-31 23:58:03,0
